Triangle Material Report
Source OBJ : islandx.obj
Triangles  : 1823
Materials  : 10

Material Table:
  [  0] name='SBX_33,Clouds                   ' color= 33 trans=204 amb=1.000 diff=1.500 spec=0.500 shiny=8.000 emis=0.000
  [  1] name='SBX_35                          ' color= 35 trans=  0 amb=0.225 diff=1.000 spec=0.000 shiny=4.000 emis=0.000
  [  2] name='SBX_37                          ' color= 37 trans=  0 amb=0.222 diff=1.500 spec=0.500 shiny=4.000 emis=1.000
  [  3] name='SBX_37,bridgelight              ' color= 37 trans=  0 amb=0.001 diff=0.000 spec=0.500 shiny=8.000 emis=1.000
  [  4] name='SBX_40                          ' color= 40 trans=  0 amb=1.000 diff=1.500 spec=0.500 shiny=8.000 emis=0.000
  [  5] name='SBX_41                          ' color= 41 trans=  0 amb=1.000 diff=1.500 spec=0.500 shiny=8.000 emis=0.000
  [  6] name='SBX_41,VolcanoSauce             ' color= 41 trans=  0 amb=1.000 diff=1.500 spec=0.500 shiny=8.000 emis=1.000
  [  7] name='SBX_43,SPIRE                    ' color= 43 trans= 51 amb=0.222 diff=1.500 spec=0.697 shiny=4.000 emis=1.000
  [  8] name='SBX_44                          ' color= 44 trans=  0 amb=1.000 diff=1.500 spec=0.500 shiny=8.000 emis=0.000
  [  9] name='SBX_49                          ' color= 49 trans=  0 amb=1.000 diff=1.500 spec=0.500 shiny=8.000 emis=0.000

Triangle Assignments:
tri      a      b      c   matIdx   materialName
-------------------------------------------------------------
0      3      5      4      9        SBX_49
1      7      9      8      9        SBX_49
2      11     13     12     9        SBX_49
3      15     17     16     9        SBX_49
4      97     98     19     9        SBX_49
5      21     23     22     9        SBX_49
6      25     27     26     9        SBX_49
7      29     31     30     9        SBX_49
8      33     35     34     9        SBX_49
9      95     96     37     9        SBX_49
10     39     41     40     9        SBX_49
11     43     45     44     9        SBX_49
12     47     49     48     9        SBX_49
13     51     53     52     9        SBX_49
14     55     57     56     9        SBX_49
15     59     61     60     9        SBX_49
16     63     65     64     9        SBX_49
17     67     69     68     9        SBX_49
18     71     73     72     9        SBX_49
19     75     77     76     9        SBX_49
20     79     81     80     9        SBX_49
21     3      4      2      9        SBX_49
22     7      8      6      9        SBX_49
23     11     12     10     9        SBX_49
24     15     16     14     9        SBX_49
25     97     19     18     9        SBX_49
26     21     22     20     9        SBX_49
27     25     26     24     9        SBX_49
28     29     30     28     9        SBX_49
29     33     34     32     9        SBX_49
30     95     37     36     9        SBX_49
31     39     40     38     9        SBX_49
32     43     44     42     9        SBX_49
33     47     48     46     9        SBX_49
34     51     52     50     9        SBX_49
35     55     56     54     9        SBX_49
36     59     60     58     9        SBX_49
37     63     64     62     9        SBX_49
38     67     68     66     9        SBX_49
39     71     72     70     9        SBX_49
40     75     76     74     9        SBX_49
41     79     80     78     9        SBX_49
42     20     22     98     4        SBX_40
43     23     21     24     4        SBX_40
44     27     25     28     4        SBX_40
45     89     372    137    4        SBX_40
46     362    156    350    4        SBX_40
47     369    364    368    4        SBX_40
48     366    363    365    4        SBX_40
49     92     366    362    4        SBX_40
50     31     29     32     4        SBX_40
51     35     33     36     4        SBX_40
52     38     40     96     4        SBX_40
53     41     39     42     4        SBX_40
54     45     43     46     4        SBX_40
55     49     47     50     4        SBX_40
56     53     51     54     4        SBX_40
57     57     55     58     4        SBX_40
58     61     59     62     4        SBX_40
59     65     63     66     4        SBX_40
60     69     67     70     4        SBX_40
61     73     71     74     4        SBX_40
62     77     75     78     4        SBX_40
63     84     94     93     4        SBX_40
64     17     15     18     4        SBX_40
65     13     11     14     4        SBX_40
66     9      7      10     4        SBX_40
67     5      3      6      4        SBX_40
68     0      1      85     4        SBX_40
69     270    269    89     4        SBX_40
70     318    195    196    4        SBX_40
71     89     137    85     4        SBX_40
72     182    226    227    4        SBX_40
73     81     79     182    4        SBX_40
74     228    80     81     4        SBX_40
75     78     184    183    4        SBX_40
76     182    79     183    4        SBX_40
77     229    77     80     4        SBX_40
78     75     185    184    4        SBX_40
79     231    73     76     4        SBX_40
80     71     187    186    4        SBX_40
81     233    69     72     4        SBX_40
82     67     189    188    4        SBX_40
83     235    68     234    4        SBX_40
84     63     191    190    4        SBX_40
85     237    64     236    4        SBX_40
86     64     65     236    4        SBX_40
87     62     192    191    4        SBX_40
88     59     193    192    4        SBX_40
89     239    57     60     4        SBX_40
90     55     195    194    4        SBX_40
91     241    56     240    4        SBX_40
92     51     197    196    4        SBX_40
93     49     52     243    4        SBX_40
94     47     199    198    4        SBX_40
95     45     48     245    4        SBX_40
96     43     201    200    4        SBX_40
97     41     44     247    4        SBX_40
98     39     203    202    4        SBX_40
99     250    96     40     4        SBX_40
100    38     95     205    4        SBX_40
101    252    35     37     4        SBX_40
102    36     33     207    4        SBX_40
103    254    31     34     4        SBX_40
104    32     29     209    4        SBX_40
105    256    27     30     4        SBX_40
106    28     25     211    4        SBX_40
107    258    23     26     4        SBX_40
108    24     21     213    4        SBX_40
109    260    22     259    4        SBX_40
110    20     97     215    4        SBX_40
111    17     19     262    4        SBX_40
112    18     15     217    4        SBX_40
113    13     16     264    4        SBX_40
114    14     11     219    4        SBX_40
115    9      12     266    4        SBX_40
116    10     7      221    4        SBX_40
117    5      8      268    4        SBX_40
118    6      3      223    4        SBX_40
119    1      0      271    4        SBX_40
120    0      225    271    4        SBX_40
121    271    225    270    4        SBX_40
122    225    224    270    4        SBX_40
123    2      4      270    4        SBX_40
124    4      5      269    4        SBX_40
125    3      2      224    4        SBX_40
126    7      6      222    4        SBX_40
127    8      9      267    4        SBX_40
128    12     13     265    4        SBX_40
129    11     10     220    4        SBX_40
130    16     17     263    4        SBX_40
131    15     14     218    4        SBX_40
132    19     98     261    4        SBX_40
133    97     18     216    4        SBX_40
134    259    22     23     4        SBX_40
135    21     20     214    4        SBX_40
136    257    26     27     4        SBX_40
137    25     24     212    4        SBX_40
138    255    30     31     4        SBX_40
139    29     28     210    4        SBX_40
140    253    34     35     4        SBX_40
141    33     32     208    4        SBX_40
142    251    37     96     4        SBX_40
143    95     36     206    4        SBX_40
144    40     41     248    4        SBX_40
145    39     38     204    4        SBX_40
146    44     45     246    4        SBX_40
147    42     202    201    4        SBX_40
148    48     49     244    4        SBX_40
149    46     200    199    4        SBX_40
150    52     53     242    4        SBX_40
151    50     198    197    4        SBX_40
152    240    56     57     4        SBX_40
153    54     196    195    4        SBX_40
154    60     61     238    4        SBX_40
155    58     194    193    4        SBX_40
156    234    68     69     4        SBX_40
157    66     190    189    4        SBX_40
158    232    72     73     4        SBX_40
159    70     188    187    4        SBX_40
160    230    76     77     4        SBX_40
161    74     186    185    4        SBX_40
162    20     98     97     4        SBX_40
163    23     24     26     4        SBX_40
164    27     28     30     4        SBX_40
165    31     32     34     4        SBX_40
166    35     36     37     4        SBX_40
167    38     96     95     4        SBX_40
168    41     42     44     4        SBX_40
169    45     46     48     4        SBX_40
170    49     50     52     4        SBX_40
171    53     54     56     4        SBX_40
172    57     58     60     4        SBX_40
173    61     62     64     4        SBX_40
174    65     66     68     4        SBX_40
175    69     70     72     4        SBX_40
176    73     74     76     4        SBX_40
177    77     78     80     4        SBX_40
178    84     93     83     4        SBX_40
179    17     18     19     4        SBX_40
180    13     14     16     4        SBX_40
181    9      10     12     4        SBX_40
182    5      6      8      4        SBX_40
183    0      85     87     4        SBX_40
184    272    94     84     4        SBX_40
185    272    226    94     4        SBX_40
186    273    227    272    4        SBX_40
187    272    227    226    4        SBX_40
188    274    228    273    4        SBX_40
189    273    228    227    4        SBX_40
190    275    229    274    4        SBX_40
191    274    229    228    4        SBX_40
192    276    231    275    4        SBX_40
193    275    230    229    4        SBX_40
194    275    231    230    4        SBX_40
195    277    232    276    4        SBX_40
196    276    232    231    4        SBX_40
197    278    233    277    4        SBX_40
198    277    233    232    4        SBX_40
199    279    235    278    4        SBX_40
200    278    234    233    4        SBX_40
201    280    236    279    4        SBX_40
202    278    235    234    4        SBX_40
203    281    237    280    4        SBX_40
204    279    236    235    4        SBX_40
205    282    238    281    4        SBX_40
206    280    237    236    4        SBX_40
207    283    240    282    4        SBX_40
208    281    238    237    4        SBX_40
209    284    241    283    4        SBX_40
210    282    239    238    4        SBX_40
211    282    240    239    4        SBX_40
212    285    242    284    4        SBX_40
213    283    241    240    4        SBX_40
214    286    244    285    4        SBX_40
215    284    242    241    4        SBX_40
216    287    245    286    4        SBX_40
217    285    243    242    4        SBX_40
218    288    246    287    4        SBX_40
219    285    244    243    4        SBX_40
220    289    248    288    4        SBX_40
221    286    245    244    4        SBX_40
222    290    249    289    4        SBX_40
223    287    246    245    4        SBX_40
224    291    250    290    4        SBX_40
225    288    247    246    4        SBX_40
226    288    248    247    4        SBX_40
227    292    252    291    4        SBX_40
228    289    249    248    4        SBX_40
229    293    253    292    4        SBX_40
230    290    250    249    4        SBX_40
231    88     254    293    4        SBX_40
232    291    251    250    4        SBX_40
233    304    255    88     4        SBX_40
234    291    252    251    4        SBX_40
235    305    256    304    4        SBX_40
236    292    253    252    4        SBX_40
237    306    257    305    4        SBX_40
238    293    254    253    4        SBX_40
239    307    257    306    4        SBX_40
240    88     255    254    4        SBX_40
241    308    258    307    4        SBX_40
242    304    256    255    4        SBX_40
243    309    259    308    4        SBX_40
244    305    257    256    4        SBX_40
245    310    259    309    4        SBX_40
246    307    258    257    4        SBX_40
247    311    260    310    4        SBX_40
248    308    259    258    4        SBX_40
249    312    260    311    4        SBX_40
250    313    261    312    4        SBX_40
251    310    260    259    4        SBX_40
252    163    262    313    4        SBX_40
253    312    261    260    4        SBX_40
254    294    262    163    4        SBX_40
255    313    262    261    4        SBX_40
256    295    263    294    4        SBX_40
257    296    264    295    4        SBX_40
258    294    263    262    4        SBX_40
259    297    264    296    4        SBX_40
260    295    264    263    4        SBX_40
261    298    265    297    4        SBX_40
262    297    265    264    4        SBX_40
263    299    266    298    4        SBX_40
264    298    266    265    4        SBX_40
265    300    266    299    4        SBX_40
266    301    267    300    4        SBX_40
267    300    267    266    4        SBX_40
268    302    267    301    4        SBX_40
269    302    268    267    4        SBX_40
270    85     270    89     4        SBX_40
271    89     269    303    4        SBX_40
272    85     271    270    4        SBX_40
273    303    268    302    4        SBX_40
274    303    269    268    4        SBX_40
275    1      271    85     4        SBX_40
276    82     333    99     4        SBX_40
277    82     332    333    4        SBX_40
278    82     331    332    4        SBX_40
279    82     330    331    4        SBX_40
280    82     329    330    4        SBX_40
281    82     213    329    4        SBX_40
282    329    213    328    4        SBX_40
283    328    214    327    4        SBX_40
284    214    215    326    4        SBX_40
285    326    327    214    4        SBX_40
286    216    324    325    4        SBX_40
287    325    215    216    4        SBX_40
288    326    215    325    4        SBX_40
289    216    217    164    4        SBX_40
290    164    324    216    4        SBX_40
291    217    342    343    4        SBX_40
292    343    164    217    4        SBX_40
293    218    219    341    4        SBX_40
294    341    342    218    4        SBX_40
295    219    340    341    4        SBX_40
296    219    220    339    4        SBX_40
297    339    340    219    4        SBX_40
298    220    338    339    4        SBX_40
299    220    337    338    4        SBX_40
300    220    221    337    4        SBX_40
301    221    336    337    4        SBX_40
302    221    222    336    4        SBX_40
303    222    335    336    4        SBX_40
304    222    334    335    4        SBX_40
305    222    223    334    4        SBX_40
306    334    223    90     4        SBX_40
307    165    91     101    4        SBX_40
308    165    146    91     4        SBX_40
309    90     146    165    4        SBX_40
310    100    224    87     4        SBX_40
311    87     225    0      4        SBX_40
312    90     100    146    4        SBX_40
313    90     223    100    4        SBX_40
314    223    224    100    4        SBX_40
315    87     224    225    4        SBX_40
316    314    208    82     4        SBX_40
317    342    217    218    4        SBX_40
318    315    206    314    4        SBX_40
319    316    203    315    4        SBX_40
320    317    200    316    4        SBX_40
321    318    198    317    4        SBX_40
322    328    213    214    4        SBX_40
323    319    195    318    4        SBX_40
324    82     212    213    4        SBX_40
325    82     211    212    4        SBX_40
326    320    193    319    4        SBX_40
327    82     210    211    4        SBX_40
328    82     209    210    4        SBX_40
329    321    190    320    4        SBX_40
330    82     208    209    4        SBX_40
331    322    187    321    4        SBX_40
332    314    207    208    4        SBX_40
333    314    206    207    4        SBX_40
334    93     182    83     4        SBX_40
335    83     182    323    4        SBX_40
336    323    185    322    4        SBX_40
337    315    205    206    4        SBX_40
338    183    323    182    4        SBX_40
339    315    204    205    4        SBX_40
340    315    203    204    4        SBX_40
341    184    323    183    4        SBX_40
342    185    323    184    4        SBX_40
343    316    202    203    4        SBX_40
344    186    322    185    4        SBX_40
345    187    322    186    4        SBX_40
346    316    201    202    4        SBX_40
347    316    200    201    4        SBX_40
348    188    321    187    4        SBX_40
349    189    321    188    4        SBX_40
350    317    199    200    4        SBX_40
351    190    321    189    4        SBX_40
352    191    320    190    4        SBX_40
353    317    198    199    4        SBX_40
354    192    320    191    4        SBX_40
355    193    320    192    4        SBX_40
356    318    197    198    4        SBX_40
357    318    196    197    4        SBX_40
358    194    319    193    4        SBX_40
359    195    319    194    4        SBX_40
360    94     226    93     4        SBX_40
361    93     226    182    4        SBX_40
362    81     182    227    4        SBX_40
363    228    81     227    4        SBX_40
364    78     183    79     4        SBX_40
365    229    80     228    4        SBX_40
366    75     184    78     4        SBX_40
367    231    76     230    4        SBX_40
368    71     186    74     4        SBX_40
369    233    72     232    4        SBX_40
370    67     188    70     4        SBX_40
371    68     235    65     4        SBX_40
372    65     235    236    4        SBX_40
373    63     190    66     4        SBX_40
374    64     237    61     4        SBX_40
375    61     237    238    4        SBX_40
376    62     191    63     4        SBX_40
377    59     192    62     4        SBX_40
378    239    60     238    4        SBX_40
379    55     194    58     4        SBX_40
380    56     241    53     4        SBX_40
381    53     241    242    4        SBX_40
382    51     196    54     4        SBX_40
383    49     243    244    4        SBX_40
384    47     198    50     4        SBX_40
385    45     245    246    4        SBX_40
386    43     200    46     4        SBX_40
387    41     247    248    4        SBX_40
388    39     202    42     4        SBX_40
389    250    40     249    4        SBX_40
390    38     205    204    4        SBX_40
391    252    37     251    4        SBX_40
392    36     207    206    4        SBX_40
393    254    34     253    4        SBX_40
394    32     209    208    4        SBX_40
395    256    30     255    4        SBX_40
396    28     211    210    4        SBX_40
397    258    26     257    4        SBX_40
398    24     213    212    4        SBX_40
399    22     260    98     4        SBX_40
400    98     260    261    4        SBX_40
401    20     215    214    4        SBX_40
402    17     262    263    4        SBX_40
403    18     217    216    4        SBX_40
404    13     264    265    4        SBX_40
405    14     219    218    4        SBX_40
406    9      266    267    4        SBX_40
407    10     221    220    4        SBX_40
408    5      268    269    4        SBX_40
409    6      223    222    4        SBX_40
410    2      270    224    4        SBX_40
411    4      269    270    4        SBX_40
412    3      224    223    4        SBX_40
413    7      222    221    4        SBX_40
414    8      267    268    4        SBX_40
415    12     265    266    4        SBX_40
416    11     220    219    4        SBX_40
417    16     263    264    4        SBX_40
418    15     218    217    4        SBX_40
419    19     261    262    4        SBX_40
420    97     216    215    4        SBX_40
421    259    23     258    4        SBX_40
422    21     214    213    4        SBX_40
423    257    27     256    4        SBX_40
424    25     212    211    4        SBX_40
425    255    31     254    4        SBX_40
426    29     210    209    4        SBX_40
427    253    35     252    4        SBX_40
428    33     208    207    4        SBX_40
429    251    96     250    4        SBX_40
430    95     206    205    4        SBX_40
431    40     248    249    4        SBX_40
432    39     204    203    4        SBX_40
433    44     246    247    4        SBX_40
434    42     201    43     4        SBX_40
435    48     244    245    4        SBX_40
436    46     199    47     4        SBX_40
437    52     242    243    4        SBX_40
438    50     197    51     4        SBX_40
439    240    57     239    4        SBX_40
440    54     195    55     4        SBX_40
441    58     193    59     4        SBX_40
442    234    69     233    4        SBX_40
443    66     189    67     4        SBX_40
444    232    73     231    4        SBX_40
445    70     187    71     4        SBX_40
446    230    77     229    4        SBX_40
447    74     185    75     4        SBX_40
448    364    369    363    4        SBX_40
449    362    365    156    4        SBX_40
450    362    86     92     4        SBX_40
451    86     370    92     4        SBX_40
452    137    370    86     4        SBX_40
453    366    365    362    4        SBX_40
454    366    364    363    4        SBX_40
455    368    364    367    4        SBX_40
456    370    137    372    4        SBX_40
457    348    357    349    1        SBX_35
458    119    84     118    1        SBX_35
459    138    118    166    1        SBX_35
460    83     167    168    1        SBX_35
461    178    181    179    1        SBX_35
462    91     122    170    1        SBX_35
463    101    171    165    1        SBX_35
464    82     99     167    1        SBX_35
465    101    170    171    1        SBX_35
466    169    176    166    1        SBX_35
467    131    130    150    1        SBX_35
468    132    150    144    1        SBX_35
469    129    153    143    1        SBX_35
470    168    118    84     1        SBX_35
471    84     119    173    1        SBX_35
472    128    141    142    1        SBX_35
473    350    156    127    1        SBX_35
474    126    158    345    1        SBX_35
475    122    91     160    1        SBX_35
476    91     161    160    1        SBX_35
477    100    355    354    1        SBX_35
478    162    126    161    1        SBX_35
479    354    162    161    1        SBX_35
480    146    161    91     1        SBX_35
481    161    126    159    1        SBX_35
482    161    159    160    1        SBX_35
483    160    159    123    1        SBX_35
484    356    158    162    1        SBX_35
485    87     137    356    1        SBX_35
486    158    137    86     1        SBX_35
487    139    159    126    1        SBX_35
488    158    86     157    1        SBX_35
489    127    140    344    1        SBX_35
490    155    127    156    1        SBX_35
491    348    358    357    1        SBX_35
492    92     349    357    1        SBX_35
493    141    127    155    1        SBX_35
494    141    155    142    1        SBX_35
495    142    155    360    1        SBX_35
496    173    380    377    1        SBX_35
497    153    133    387    1        SBX_35
498    153    151    143    1        SBX_35
499    153    386    151    1        SBX_35
500    143    151    130    1        SBX_35
501    152    133    153    1        SBX_35
502    152    153    147    1        SBX_35
503    346    153    347    1        SBX_35
504    150    130    151    1        SBX_35
505    150    151    144    1        SBX_35
506    144    385    133    1        SBX_35
507    144    151    385    1        SBX_35
508    149    175    179    1        SBX_35
509    148    149    138    1        SBX_35
510    138    149    180    1        SBX_35
511    176    175    148    1        SBX_35
512    172    122    175    1        SBX_35
513    99     172    176    1        SBX_35
514    170    122    172    1        SBX_35
515    170    172    171    1        SBX_35
516    171    172    99     1        SBX_35
517    171    329    328    1        SBX_35
518    171    164    165    1        SBX_35
519    165    339    338    1        SBX_35
520    167    99     169    1        SBX_35
521    167    169    168    1        SBX_35
522    168    169    118    1        SBX_35
523    181    180    149    1        SBX_35
524    177    120    180    1        SBX_35
525    121    177    181    1        SBX_35
526    87     356    355    1        SBX_35
527    138    166    148    1        SBX_35
528    178    179    122    1        SBX_35
529    91     170    101    1        SBX_35
530    318    167    319    1        SBX_35
531    169    166    118    1        SBX_35
532    131    150    132    1        SBX_35
533    168    84     83     1        SBX_35
534    284    173    285    1        SBX_35
535    122    160    123    1        SBX_35
536    356    137    158    1        SBX_35
537    157    86     362    1        SBX_35
538    175    149    148    1        SBX_35
539    179    175    122    1        SBX_35
540    138    180    120    1        SBX_35
541    176    148    166    1        SBX_35
542    172    175    176    1        SBX_35
543    99     176    169    1        SBX_35
544    145    380    119    1        SBX_35
545    145    378    379    1        SBX_35
546    384    375    382    1        SBX_35
547    181    149    179    1        SBX_35
548    177    180    181    1        SBX_35
549    121    181    178    1        SBX_35
550    368    358    369    1        SBX_35
551    367    358    368    1        SBX_35
552    357    358    367    1        SBX_35
553    126    345    140    1        SBX_35
554    344    140    345    1        SBX_35
555    127    344    157    1        SBX_35
556    153    346    147    1        SBX_35
557    347    153    129    1        SBX_35
558    351    359    361    1        SBX_35
559    156    358    361    1        SBX_35
560    366    92     357    1        SBX_35
561    353    142    352    1        SBX_35
562    359    351    352    1        SBX_35
563    383    376    384    1        SBX_35
564    381    382    377    1        SBX_35
565    378    384    381    1        SBX_35
566    373    374    370    1        SBX_35
567    371    376    373    1        SBX_35
568    381    379    378    1        SBX_35
569    380    381    377    1        SBX_35
570    369    156    363    1        SBX_35
571    357    367    364    1        SBX_35
572    359    352    360    1        SBX_35
573    366    357    364    1        SBX_35
574    156    361    155    1        SBX_35
575    351    361    348    1        SBX_35
576    142    360    352    1        SBX_35
577    350    127    157    1        SBX_35
578    171    324    164    1        SBX_35
579    171    325    324    1        SBX_35
580    333    171    99     1        SBX_35
581    332    171    333    1        SBX_35
582    171    326    325    1        SBX_35
583    171    327    326    1        SBX_35
584    331    171    332    1        SBX_35
585    330    171    331    1        SBX_35
586    171    328    327    1        SBX_35
587    329    171    330    1        SBX_35
588    165    334    90     1        SBX_35
589    165    335    334    1        SBX_35
590    343    165    164    1        SBX_35
591    342    165    343    1        SBX_35
592    165    336    335    1        SBX_35
593    165    337    336    1        SBX_35
594    341    165    342    1        SBX_35
595    340    165    341    1        SBX_35
596    165    338    337    1        SBX_35
597    339    165    340    1        SBX_35
598    167    314    82     1        SBX_35
599    167    315    314    1        SBX_35
600    323    167    83     1        SBX_35
601    322    167    323    1        SBX_35
602    167    316    315    1        SBX_35
603    167    317    316    1        SBX_35
604    321    167    322    1        SBX_35
605    320    167    321    1        SBX_35
606    167    318    317    1        SBX_35
607    319    167    320    1        SBX_35
608    173    272    84     1        SBX_35
609    272    173    273    1        SBX_35
610    273    173    274    1        SBX_35
611    274    173    275    1        SBX_35
612    88     293    173    1        SBX_35
613    293    292    173    1        SBX_35
614    292    291    173    1        SBX_35
615    275    173    276    1        SBX_35
616    276    173    277    1        SBX_35
617    291    290    173    1        SBX_35
618    290    289    173    1        SBX_35
619    277    173    278    1        SBX_35
620    278    173    279    1        SBX_35
621    289    288    173    1        SBX_35
622    288    287    173    1        SBX_35
623    279    173    280    1        SBX_35
624    280    173    281    1        SBX_35
625    287    286    173    1        SBX_35
626    286    285    173    1        SBX_35
627    281    173    282    1        SBX_35
628    282    173    283    1        SBX_35
629    284    283    173    1        SBX_35
630    100    354    146    1        SBX_35
631    356    162    355    1        SBX_35
632    355    162    354    1        SBX_35
633    87     355    100    1        SBX_35
634    126    162    158    1        SBX_35
635    354    161    146    1        SBX_35
636    360    155    359    1        SBX_35
637    369    358    156    1        SBX_35
638    359    155    361    1        SBX_35
639    358    348    361    1        SBX_35
640    157    362    350    1        SBX_35
641    363    156    365    1        SBX_35
642    295    371    296    1        SBX_35
643    381    380    379    1        SBX_35
644    371    375    376    1        SBX_35
645    373    376    374    1        SBX_35
646    378    383    384    1        SBX_35
647    381    384    382    1        SBX_35
648    383    374    376    1        SBX_35
649    384    376    375    1        SBX_35
650    298    371    299    1        SBX_35
651    371    295    294    1        SBX_35
652    302    371    372    1        SBX_35
653    301    371    302    1        SBX_35
654    300    371    301    1        SBX_35
655    299    371    300    1        SBX_35
656    302    372    303    1        SBX_35
657    372    371    373    1        SBX_35
658    371    294    163    1        SBX_35
659    372    373    370    1        SBX_35
660    303    372    89     1        SBX_35
661    374    92     370    1        SBX_35
662    297    371    298    1        SBX_35
663    375    371    163    1        SBX_35
664    296    371    297    1        SBX_35
665    375    304    88     1        SBX_35
666    374    174    92     1        SBX_35
667    88     382    375    1        SBX_35
668    374    383    174    1        SBX_35
669    375    305    304    1        SBX_35
670    375    306    305    1        SBX_35
671    313    375    163    1        SBX_35
672    312    375    313    1        SBX_35
673    375    307    306    1        SBX_35
674    375    308    307    1        SBX_35
675    311    375    312    1        SBX_35
676    310    375    311    1        SBX_35
677    308    375    309    1        SBX_35
678    309    375    310    1        SBX_35
679    145    154    378    1        SBX_35
680    173    119    380    1        SBX_35
681    383    378    154    1        SBX_35
682    145    379    380    1        SBX_35
683    173    377    382    1        SBX_35
684    88     173    382    1        SBX_35
685    383    154    174    1        SBX_35
686    153    387    386    1        SBX_35
687    387    133    385    1        SBX_35
688    387    151    386    1        SBX_35
689    387    385    151    1        SBX_35
690    119    118    103    2        SBX_37
691    120    104    103    2        SBX_37
692    121    105    104    2        SBX_37
693    106    121    178    2        SBX_37
694    123    107    106    2        SBX_37
695    124    108    107    2        SBX_37
696    124    125    109    2        SBX_37
697    110    125    139    2        SBX_37
698    127    111    110    2        SBX_37
699    128    112    111    2        SBX_37
700    113    128    142    2        SBX_37
701    130    114    113    2        SBX_37
702    131    115    114    2        SBX_37
703    131    132    116    2        SBX_37
704    117    132    144    2        SBX_37
705    102    133    145    2        SBX_37
706    92     152    147    2        SBX_37
707    152    92     174    2        SBX_37
708    119    103    102    2        SBX_37
709    138    120    103    2        SBX_37
710    177    121    104    2        SBX_37
711    121    106    105    2        SBX_37
712    123    106    122    2        SBX_37
713    124    107    123    2        SBX_37
714    124    109    108    2        SBX_37
715    125    110    109    2        SBX_37
716    140    127    110    2        SBX_37
717    141    128    111    2        SBX_37
718    128    113    112    2        SBX_37
719    143    130    113    2        SBX_37
720    131    114    130    2        SBX_37
721    131    116    115    2        SBX_37
722    132    117    116    2        SBX_37
723    133    102    117    2        SBX_37
724    347    348    346    2        SBX_37
725    158    157    344    2        SBX_37
726    154    145    152    2        SBX_37
727    152    145    133    2        SBX_37
728    106    178    122    2        SBX_37
729    110    139    126    2        SBX_37
730    113    142    353    2        SBX_37
731    117    144    133    2        SBX_37
732    102    145    119    2        SBX_37
733    152    174    154    2        SBX_37
734    138    103    118    2        SBX_37
735    177    104    120    2        SBX_37
736    140    110    126    2        SBX_37
737    141    111    127    2        SBX_37
738    143    113    129    2        SBX_37
739    158    344    345    2        SBX_37
740    352    351    347    2        SBX_37
741    346    348    147    2        SBX_37
742    348    349    147    2        SBX_37
743    349    92     147    2        SBX_37
744    352    347    129    2        SBX_37
745    351    348    347    2        SBX_37
746    353    352    129    2        SBX_37
747    113    353    129    2        SBX_37
748    387    385    388    7        SBX_43,SPIRE
749    391    388    389    7        SBX_43,SPIRE
750    386    390    389    7        SBX_43,SPIRE
751    151    389    388    7        SBX_43,SPIRE
752    386    387    391    7        SBX_43,SPIRE
753    387    388    391    7        SBX_43,SPIRE
754    391    389    390    7        SBX_43,SPIRE
755    386    389    151    7        SBX_43,SPIRE
756    151    388    385    7        SBX_43,SPIRE
757    386    391    390    7        SBX_43,SPIRE
758    393    392    394    9        SBX_49
759    416    418    398    9        SBX_49
760    399    398    396    9        SBX_49
761    415    408    392    9        SBX_49
762    418    417    396    9        SBX_49
763    395    404    415    9        SBX_49
764    407    416    419    9        SBX_49
765    406    407    412    9        SBX_49
766    405    406    413    9        SBX_49
767    404    405    414    9        SBX_49
768    394    392    408    9        SBX_49
769    403    408    409    9        SBX_49
770    401    410    411    9        SBX_49
771    419    417    411    9        SBX_49
772    412    411    410    9        SBX_49
773    413    410    409    9        SBX_49
774    409    408    415    9        SBX_49
775    395    394    403    9        SBX_49
776    404    403    402    9        SBX_49
777    405    402    401    9        SBX_49
778    401    400    407    9        SBX_49
779    397    396    417    9        SBX_49
780    416    399    397    9        SBX_49
781    400    411    422    9        SBX_49
782    407    400    418    9        SBX_49
783    421    422    423    9        SBX_49
784    418    400    421    9        SBX_49
785    411    417    423    9        SBX_49
786    417    418    420    9        SBX_49
787    393    394    395    9        SBX_49
788    416    398    399    9        SBX_49
789    399    396    397    9        SBX_49
790    415    392    393    9        SBX_49
791    418    396    398    9        SBX_49
792    395    415    393    9        SBX_49
793    407    419    412    9        SBX_49
794    406    412    413    9        SBX_49
795    405    413    414    9        SBX_49
796    404    414    415    9        SBX_49
797    394    408    403    9        SBX_49
798    403    409    402    9        SBX_49
799    401    411    400    9        SBX_49
800    419    411    412    9        SBX_49
801    412    410    413    9        SBX_49
802    413    409    414    9        SBX_49
803    409    415    414    9        SBX_49
804    395    403    404    9        SBX_49
805    404    402    405    9        SBX_49
806    405    401    406    9        SBX_49
807    401    407    406    9        SBX_49
808    397    417    419    9        SBX_49
809    416    397    419    9        SBX_49
810    400    422    421    9        SBX_49
811    407    418    416    9        SBX_49
812    421    423    420    9        SBX_49
813    418    421    420    9        SBX_49
814    411    423    422    9        SBX_49
815    417    420    423    9        SBX_49
816    402    409    410    3        SBX_37,bridgelight
817    402    410    401    3        SBX_37,bridgelight
818    424    425    428    5        SBX_41
819    425    426    428    5        SBX_41
820    426    427    428    5        SBX_41
821    427    424    428    5        SBX_41
822    431    432    430    6        SBX_41,VolcanoSauce
823    430    432    429    6        SBX_41,VolcanoSauce
824    429    435    436    6        SBX_41,VolcanoSauce
825    434    432    433    6        SBX_41,VolcanoSauce
826    434    435    432    6        SBX_41,VolcanoSauce
827    432    435    429    6        SBX_41,VolcanoSauce
828    448    438    447    4        SBX_40
829    439    449    450    4        SBX_40
830    439    450    451    4        SBX_40
831    440    453    452    4        SBX_40
832    456    441    452    4        SBX_40
833    468    443    467    4        SBX_40
834    458    444    457    4        SBX_40
835    445    436    435    4        SBX_40
836    445    459    461    4        SBX_40
837    445    462    465    4        SBX_40
838    430    429    438    4        SBX_40
839    431    430    437    4        SBX_40
840    432    431    439    4        SBX_40
841    433    432    440    4        SBX_40
842    434    433    441    4        SBX_40
843    434    442    443    4        SBX_40
844    429    436    445    4        SBX_40
845    449    439    437    4        SBX_40
846    440    439    454    4        SBX_40
847    441    440    452    4        SBX_40
848    442    441    467    4        SBX_40
849    467    443    442    4        SBX_40
850    443    468    457    4        SBX_40
851    443    444    435    4        SBX_40
852    445    435    444    4        SBX_40
853    438    445    464    4        SBX_40
854    430    438    437    4        SBX_40
855    431    437    439    4        SBX_40
856    432    439    440    4        SBX_40
857    433    440    441    4        SBX_40
858    434    441    442    4        SBX_40
859    434    443    435    4        SBX_40
860    429    445    438    4        SBX_40
861    446    448    447    4        SBX_40
862    447    438    464    4        SBX_40
863    439    451    454    4        SBX_40
864    453    440    454    4        SBX_40
865    441    455    467    4        SBX_40
866    455    441    456    4        SBX_40
867    459    445    458    4        SBX_40
868    445    461    460    4        SBX_40
869    463    445    460    4        SBX_40
870    445    465    464    4        SBX_40
871    462    445    463    4        SBX_40
872    448    466    438    4        SBX_40
873    438    466    437    4        SBX_40
874    449    437    466    4        SBX_40
875    443    457    444    4        SBX_40
876    444    458    445    4        SBX_40
877    469    470    475    8        SBX_44
878    470    471    475    8        SBX_44
879    471    472    475    8        SBX_44
880    472    473    475    8        SBX_44
881    470    474    472    8        SBX_44
882    473    474    475    8        SBX_44
883    474    469    475    8        SBX_44
884    474    470    469    8        SBX_44
885    470    472    471    8        SBX_44
886    472    474    473    8        SBX_44
887    477    476    478    5        SBX_41
888    479    478    480    5        SBX_41
889    481    480    482    5        SBX_41
890    477    483    485    5        SBX_41
891    483    482    484    5        SBX_41
892    485    484    476    5        SBX_41
893    478    484    482    5        SBX_41
894    477    478    479    5        SBX_41
895    479    480    481    5        SBX_41
896    481    482    483    5        SBX_41
897    481    483    479    5        SBX_41
898    479    483    477    5        SBX_41
899    483    484    485    5        SBX_41
900    485    476    477    5        SBX_41
901    484    478    476    5        SBX_41
902    478    482    480    5        SBX_41
903    486    487    492    8        SBX_44
904    487    488    492    8        SBX_44
905    488    489    492    8        SBX_44
906    489    490    492    8        SBX_44
907    487    491    489    8        SBX_44
908    490    491    492    8        SBX_44
909    491    486    492    8        SBX_44
910    491    487    486    8        SBX_44
911    487    489    488    8        SBX_44
912    489    491    490    8        SBX_44
913    494    493    495    5        SBX_41
914    496    495    497    5        SBX_41
915    498    497    499    5        SBX_41
916    494    500    502    5        SBX_41
917    500    499    501    5        SBX_41
918    502    501    493    5        SBX_41
919    495    501    499    5        SBX_41
920    494    495    496    5        SBX_41
921    496    497    498    5        SBX_41
922    498    499    500    5        SBX_41
923    498    500    496    5        SBX_41
924    496    500    494    5        SBX_41
925    500    501    502    5        SBX_41
926    502    493    494    5        SBX_41
927    501    495    493    5        SBX_41
928    495    499    497    5        SBX_41
929    503    504    509    8        SBX_44
930    504    505    509    8        SBX_44
931    505    506    509    8        SBX_44
932    506    507    509    8        SBX_44
933    504    508    506    8        SBX_44
934    507    508    509    8        SBX_44
935    508    503    509    8        SBX_44
936    508    504    503    8        SBX_44
937    504    506    505    8        SBX_44
938    506    508    507    8        SBX_44
939    511    510    512    5        SBX_41
940    513    512    514    5        SBX_41
941    515    514    516    5        SBX_41
942    511    517    519    5        SBX_41
943    517    516    518    5        SBX_41
944    519    518    510    5        SBX_41
945    512    518    516    5        SBX_41
946    511    512    513    5        SBX_41
947    513    514    515    5        SBX_41
948    515    516    517    5        SBX_41
949    515    517    513    5        SBX_41
950    513    517    511    5        SBX_41
951    517    518    519    5        SBX_41
952    519    510    511    5        SBX_41
953    518    512    510    5        SBX_41
954    512    516    514    5        SBX_41
955    520    521    526    8        SBX_44
956    521    522    526    8        SBX_44
957    522    523    526    8        SBX_44
958    523    524    526    8        SBX_44
959    521    525    523    8        SBX_44
960    524    525    526    8        SBX_44
961    525    520    526    8        SBX_44
962    525    521    520    8        SBX_44
963    521    523    522    8        SBX_44
964    523    525    524    8        SBX_44
965    528    527    529    5        SBX_41
966    530    529    531    5        SBX_41
967    532    531    533    5        SBX_41
968    528    534    536    5        SBX_41
969    534    533    535    5        SBX_41
970    536    535    527    5        SBX_41
971    529    535    533    5        SBX_41
972    528    529    530    5        SBX_41
973    530    531    532    5        SBX_41
974    532    533    534    5        SBX_41
975    532    534    530    5        SBX_41
976    530    534    528    5        SBX_41
977    534    535    536    5        SBX_41
978    536    527    528    5        SBX_41
979    535    529    527    5        SBX_41
980    529    533    531    5        SBX_41
981    537    538    543    8        SBX_44
982    538    539    543    8        SBX_44
983    539    540    543    8        SBX_44
984    540    541    543    8        SBX_44
985    538    542    540    8        SBX_44
986    541    542    543    8        SBX_44
987    542    537    543    8        SBX_44
988    542    538    537    8        SBX_44
989    538    540    539    8        SBX_44
990    540    542    541    8        SBX_44
991    545    544    546    5        SBX_41
992    547    546    548    5        SBX_41
993    549    548    550    5        SBX_41
994    545    551    553    5        SBX_41
995    551    550    552    5        SBX_41
996    553    552    544    5        SBX_41
997    546    552    550    5        SBX_41
998    545    546    547    5        SBX_41
999    547    548    549    5        SBX_41
1000   549    550    551    5        SBX_41
1001   549    551    547    5        SBX_41
1002   547    551    545    5        SBX_41
1003   551    552    553    5        SBX_41
1004   553    544    545    5        SBX_41
1005   552    546    544    5        SBX_41
1006   546    550    548    5        SBX_41
1007   554    555    560    8        SBX_44
1008   555    556    560    8        SBX_44
1009   556    557    560    8        SBX_44
1010   557    558    560    8        SBX_44
1011   555    559    557    8        SBX_44
1012   558    559    560    8        SBX_44
1013   559    554    560    8        SBX_44
1014   559    555    554    8        SBX_44
1015   555    557    556    8        SBX_44
1016   557    559    558    8        SBX_44
1017   562    561    563    5        SBX_41
1018   564    563    565    5        SBX_41
1019   566    565    567    5        SBX_41
1020   562    568    570    5        SBX_41
1021   568    567    569    5        SBX_41
1022   570    569    561    5        SBX_41
1023   563    569    567    5        SBX_41
1024   562    563    564    5        SBX_41
1025   564    565    566    5        SBX_41
1026   566    567    568    5        SBX_41
1027   566    568    564    5        SBX_41
1028   564    568    562    5        SBX_41
1029   568    569    570    5        SBX_41
1030   570    561    562    5        SBX_41
1031   569    563    561    5        SBX_41
1032   563    567    565    5        SBX_41
1033   571    572    577    8        SBX_44
1034   572    573    577    8        SBX_44
1035   573    574    577    8        SBX_44
1036   574    575    577    8        SBX_44
1037   572    576    574    8        SBX_44
1038   575    576    577    8        SBX_44
1039   576    571    577    8        SBX_44
1040   576    572    571    8        SBX_44
1041   572    574    573    8        SBX_44
1042   574    576    575    8        SBX_44
1043   579    578    580    5        SBX_41
1044   581    580    582    5        SBX_41
1045   583    582    584    5        SBX_41
1046   579    585    587    5        SBX_41
1047   585    584    586    5        SBX_41
1048   587    586    578    5        SBX_41
1049   580    586    584    5        SBX_41
1050   579    580    581    5        SBX_41
1051   581    582    583    5        SBX_41
1052   583    584    585    5        SBX_41
1053   583    585    581    5        SBX_41
1054   581    585    579    5        SBX_41
1055   585    586    587    5        SBX_41
1056   587    578    579    5        SBX_41
1057   586    580    578    5        SBX_41
1058   580    584    582    5        SBX_41
1059   588    589    594    8        SBX_44
1060   589    590    594    8        SBX_44
1061   590    591    594    8        SBX_44
1062   591    592    594    8        SBX_44
1063   589    593    591    8        SBX_44
1064   592    593    594    8        SBX_44
1065   593    588    594    8        SBX_44
1066   593    589    588    8        SBX_44
1067   589    591    590    8        SBX_44
1068   591    593    592    8        SBX_44
1069   596    595    597    5        SBX_41
1070   598    597    599    5        SBX_41
1071   600    599    601    5        SBX_41
1072   596    602    604    5        SBX_41
1073   602    601    603    5        SBX_41
1074   604    603    595    5        SBX_41
1075   597    603    601    5        SBX_41
1076   596    597    598    5        SBX_41
1077   598    599    600    5        SBX_41
1078   600    601    602    5        SBX_41
1079   600    602    598    5        SBX_41
1080   598    602    596    5        SBX_41
1081   602    603    604    5        SBX_41
1082   604    595    596    5        SBX_41
1083   603    597    595    5        SBX_41
1084   597    601    599    5        SBX_41
1085   605    606    611    8        SBX_44
1086   606    607    611    8        SBX_44
1087   607    608    611    8        SBX_44
1088   608    609    611    8        SBX_44
1089   606    610    608    8        SBX_44
1090   609    610    611    8        SBX_44
1091   610    605    611    8        SBX_44
1092   610    606    605    8        SBX_44
1093   606    608    607    8        SBX_44
1094   608    610    609    8        SBX_44
1095   613    612    614    5        SBX_41
1096   615    614    616    5        SBX_41
1097   617    616    618    5        SBX_41
1098   613    619    621    5        SBX_41
1099   619    618    620    5        SBX_41
1100   621    620    612    5        SBX_41
1101   614    620    618    5        SBX_41
1102   613    614    615    5        SBX_41
1103   615    616    617    5        SBX_41
1104   617    618    619    5        SBX_41
1105   617    619    615    5        SBX_41
1106   615    619    613    5        SBX_41
1107   619    620    621    5        SBX_41
1108   621    612    613    5        SBX_41
1109   620    614    612    5        SBX_41
1110   614    618    616    5        SBX_41
1111   622    623    628    8        SBX_44
1112   623    624    628    8        SBX_44
1113   624    625    628    8        SBX_44
1114   625    626    628    8        SBX_44
1115   623    627    625    8        SBX_44
1116   626    627    628    8        SBX_44
1117   627    622    628    8        SBX_44
1118   627    623    622    8        SBX_44
1119   623    625    624    8        SBX_44
1120   625    627    626    8        SBX_44
1121   630    629    631    5        SBX_41
1122   632    631    633    5        SBX_41
1123   634    633    635    5        SBX_41
1124   630    636    638    5        SBX_41
1125   636    635    637    5        SBX_41
1126   638    637    629    5        SBX_41
1127   631    637    635    5        SBX_41
1128   630    631    632    5        SBX_41
1129   632    633    634    5        SBX_41
1130   634    635    636    5        SBX_41
1131   634    636    632    5        SBX_41
1132   632    636    630    5        SBX_41
1133   636    637    638    5        SBX_41
1134   638    629    630    5        SBX_41
1135   637    631    629    5        SBX_41
1136   631    635    633    5        SBX_41
1137   639    640    645    8        SBX_44
1138   640    641    645    8        SBX_44
1139   641    642    645    8        SBX_44
1140   642    643    645    8        SBX_44
1141   640    644    642    8        SBX_44
1142   643    644    645    8        SBX_44
1143   644    639    645    8        SBX_44
1144   644    640    639    8        SBX_44
1145   640    642    641    8        SBX_44
1146   642    644    643    8        SBX_44
1147   647    646    648    5        SBX_41
1148   649    648    650    5        SBX_41
1149   651    650    652    5        SBX_41
1150   647    653    655    5        SBX_41
1151   653    652    654    5        SBX_41
1152   655    654    646    5        SBX_41
1153   648    654    652    5        SBX_41
1154   647    648    649    5        SBX_41
1155   649    650    651    5        SBX_41
1156   651    652    653    5        SBX_41
1157   651    653    649    5        SBX_41
1158   649    653    647    5        SBX_41
1159   653    654    655    5        SBX_41
1160   655    646    647    5        SBX_41
1161   654    648    646    5        SBX_41
1162   648    652    650    5        SBX_41
1163   656    657    662    8        SBX_44
1164   657    658    662    8        SBX_44
1165   658    659    662    8        SBX_44
1166   659    660    662    8        SBX_44
1167   657    661    659    8        SBX_44
1168   660    661    662    8        SBX_44
1169   661    656    662    8        SBX_44
1170   661    657    656    8        SBX_44
1171   657    659    658    8        SBX_44
1172   659    661    660    8        SBX_44
1173   664    663    665    5        SBX_41
1174   666    665    667    5        SBX_41
1175   668    667    669    5        SBX_41
1176   664    670    672    5        SBX_41
1177   670    669    671    5        SBX_41
1178   672    671    663    5        SBX_41
1179   665    671    669    5        SBX_41
1180   664    665    666    5        SBX_41
1181   666    667    668    5        SBX_41
1182   668    669    670    5        SBX_41
1183   668    670    666    5        SBX_41
1184   666    670    664    5        SBX_41
1185   670    671    672    5        SBX_41
1186   672    663    664    5        SBX_41
1187   671    665    663    5        SBX_41
1188   665    669    667    5        SBX_41
1189   673    674    679    8        SBX_44
1190   674    675    679    8        SBX_44
1191   675    676    679    8        SBX_44
1192   676    677    679    8        SBX_44
1193   674    678    676    8        SBX_44
1194   677    678    679    8        SBX_44
1195   678    673    679    8        SBX_44
1196   678    674    673    8        SBX_44
1197   674    676    675    8        SBX_44
1198   676    678    677    8        SBX_44
1199   681    680    682    5        SBX_41
1200   683    682    684    5        SBX_41
1201   685    684    686    5        SBX_41
1202   681    687    689    5        SBX_41
1203   687    686    688    5        SBX_41
1204   689    688    680    5        SBX_41
1205   682    688    686    5        SBX_41
1206   681    682    683    5        SBX_41
1207   683    684    685    5        SBX_41
1208   685    686    687    5        SBX_41
1209   685    687    683    5        SBX_41
1210   683    687    681    5        SBX_41
1211   687    688    689    5        SBX_41
1212   689    680    681    5        SBX_41
1213   688    682    680    5        SBX_41
1214   682    686    684    5        SBX_41
1215   690    691    696    8        SBX_44
1216   691    692    696    8        SBX_44
1217   692    693    696    8        SBX_44
1218   693    694    696    8        SBX_44
1219   691    695    693    8        SBX_44
1220   694    695    696    8        SBX_44
1221   695    690    696    8        SBX_44
1222   695    691    690    8        SBX_44
1223   691    693    692    8        SBX_44
1224   693    695    694    8        SBX_44
1225   698    697    699    5        SBX_41
1226   700    699    701    5        SBX_41
1227   702    701    703    5        SBX_41
1228   698    704    706    5        SBX_41
1229   704    703    705    5        SBX_41
1230   706    705    697    5        SBX_41
1231   699    705    703    5        SBX_41
1232   698    699    700    5        SBX_41
1233   700    701    702    5        SBX_41
1234   702    703    704    5        SBX_41
1235   702    704    700    5        SBX_41
1236   700    704    698    5        SBX_41
1237   704    705    706    5        SBX_41
1238   706    697    698    5        SBX_41
1239   705    699    697    5        SBX_41
1240   699    703    701    5        SBX_41
1241   707    708    713    8        SBX_44
1242   708    709    713    8        SBX_44
1243   709    710    713    8        SBX_44
1244   710    711    713    8        SBX_44
1245   708    712    710    8        SBX_44
1246   711    712    713    8        SBX_44
1247   712    707    713    8        SBX_44
1248   712    708    707    8        SBX_44
1249   708    710    709    8        SBX_44
1250   710    712    711    8        SBX_44
1251   715    714    716    5        SBX_41
1252   717    716    718    5        SBX_41
1253   719    718    720    5        SBX_41
1254   715    721    723    5        SBX_41
1255   721    720    722    5        SBX_41
1256   723    722    714    5        SBX_41
1257   716    722    720    5        SBX_41
1258   715    716    717    5        SBX_41
1259   717    718    719    5        SBX_41
1260   719    720    721    5        SBX_41
1261   719    721    717    5        SBX_41
1262   717    721    715    5        SBX_41
1263   721    722    723    5        SBX_41
1264   723    714    715    5        SBX_41
1265   722    716    714    5        SBX_41
1266   716    720    718    5        SBX_41
1267   724    725    730    8        SBX_44
1268   725    726    730    8        SBX_44
1269   726    727    730    8        SBX_44
1270   727    728    730    8        SBX_44
1271   725    729    727    8        SBX_44
1272   728    729    730    8        SBX_44
1273   729    724    730    8        SBX_44
1274   729    725    724    8        SBX_44
1275   725    727    726    8        SBX_44
1276   727    729    728    8        SBX_44
1277   732    731    733    5        SBX_41
1278   734    733    735    5        SBX_41
1279   736    735    737    5        SBX_41
1280   732    738    740    5        SBX_41
1281   738    737    739    5        SBX_41
1282   740    739    731    5        SBX_41
1283   733    739    737    5        SBX_41
1284   732    733    734    5        SBX_41
1285   734    735    736    5        SBX_41
1286   736    737    738    5        SBX_41
1287   736    738    734    5        SBX_41
1288   734    738    732    5        SBX_41
1289   738    739    740    5        SBX_41
1290   740    731    732    5        SBX_41
1291   739    733    731    5        SBX_41
1292   733    737    735    5        SBX_41
1293   741    742    747    8        SBX_44
1294   742    743    747    8        SBX_44
1295   743    744    747    8        SBX_44
1296   744    745    747    8        SBX_44
1297   742    746    744    8        SBX_44
1298   745    746    747    8        SBX_44
1299   746    741    747    8        SBX_44
1300   746    742    741    8        SBX_44
1301   742    744    743    8        SBX_44
1302   744    746    745    8        SBX_44
1303   749    748    750    5        SBX_41
1304   751    750    752    5        SBX_41
1305   753    752    754    5        SBX_41
1306   749    755    757    5        SBX_41
1307   755    754    756    5        SBX_41
1308   757    756    748    5        SBX_41
1309   750    756    754    5        SBX_41
1310   749    750    751    5        SBX_41
1311   751    752    753    5        SBX_41
1312   753    754    755    5        SBX_41
1313   753    755    751    5        SBX_41
1314   751    755    749    5        SBX_41
1315   755    756    757    5        SBX_41
1316   757    748    749    5        SBX_41
1317   756    750    748    5        SBX_41
1318   750    754    752    5        SBX_41
1319   758    759    764    8        SBX_44
1320   759    760    764    8        SBX_44
1321   760    761    764    8        SBX_44
1322   761    762    764    8        SBX_44
1323   759    763    761    8        SBX_44
1324   762    763    764    8        SBX_44
1325   763    758    764    8        SBX_44
1326   763    759    758    8        SBX_44
1327   759    761    760    8        SBX_44
1328   761    763    762    8        SBX_44
1329   766    765    767    5        SBX_41
1330   768    767    769    5        SBX_41
1331   770    769    771    5        SBX_41
1332   766    772    774    5        SBX_41
1333   772    771    773    5        SBX_41
1334   774    773    765    5        SBX_41
1335   767    773    771    5        SBX_41
1336   766    767    768    5        SBX_41
1337   768    769    770    5        SBX_41
1338   770    771    772    5        SBX_41
1339   770    772    768    5        SBX_41
1340   768    772    766    5        SBX_41
1341   772    773    774    5        SBX_41
1342   774    765    766    5        SBX_41
1343   773    767    765    5        SBX_41
1344   767    771    769    5        SBX_41
1345   775    776    781    8        SBX_44
1346   776    777    781    8        SBX_44
1347   777    778    781    8        SBX_44
1348   778    779    781    8        SBX_44
1349   776    780    778    8        SBX_44
1350   779    780    781    8        SBX_44
1351   780    775    781    8        SBX_44
1352   780    776    775    8        SBX_44
1353   776    778    777    8        SBX_44
1354   778    780    779    8        SBX_44
1355   783    782    784    5        SBX_41
1356   785    784    786    5        SBX_41
1357   787    786    788    5        SBX_41
1358   783    789    791    5        SBX_41
1359   789    788    790    5        SBX_41
1360   791    790    782    5        SBX_41
1361   784    790    788    5        SBX_41
1362   783    784    785    5        SBX_41
1363   785    786    787    5        SBX_41
1364   787    788    789    5        SBX_41
1365   787    789    785    5        SBX_41
1366   785    789    783    5        SBX_41
1367   789    790    791    5        SBX_41
1368   791    782    783    5        SBX_41
1369   790    784    782    5        SBX_41
1370   784    788    786    5        SBX_41
1371   792    793    798    8        SBX_44
1372   793    794    798    8        SBX_44
1373   794    795    798    8        SBX_44
1374   795    796    798    8        SBX_44
1375   793    797    795    8        SBX_44
1376   796    797    798    8        SBX_44
1377   797    792    798    8        SBX_44
1378   797    793    792    8        SBX_44
1379   793    795    794    8        SBX_44
1380   795    797    796    8        SBX_44
1381   800    799    801    5        SBX_41
1382   802    801    803    5        SBX_41
1383   804    803    805    5        SBX_41
1384   800    806    808    5        SBX_41
1385   806    805    807    5        SBX_41
1386   808    807    799    5        SBX_41
1387   801    807    805    5        SBX_41
1388   800    801    802    5        SBX_41
1389   802    803    804    5        SBX_41
1390   804    805    806    5        SBX_41
1391   804    806    802    5        SBX_41
1392   802    806    800    5        SBX_41
1393   806    807    808    5        SBX_41
1394   808    799    800    5        SBX_41
1395   807    801    799    5        SBX_41
1396   801    805    803    5        SBX_41
1397   809    810    815    8        SBX_44
1398   810    811    815    8        SBX_44
1399   811    812    815    8        SBX_44
1400   812    813    815    8        SBX_44
1401   810    814    812    8        SBX_44
1402   813    814    815    8        SBX_44
1403   814    809    815    8        SBX_44
1404   814    810    809    8        SBX_44
1405   810    812    811    8        SBX_44
1406   812    814    813    8        SBX_44
1407   817    816    818    5        SBX_41
1408   819    818    820    5        SBX_41
1409   821    820    822    5        SBX_41
1410   817    823    825    5        SBX_41
1411   823    822    824    5        SBX_41
1412   825    824    816    5        SBX_41
1413   818    824    822    5        SBX_41
1414   817    818    819    5        SBX_41
1415   819    820    821    5        SBX_41
1416   821    822    823    5        SBX_41
1417   821    823    819    5        SBX_41
1418   819    823    817    5        SBX_41
1419   823    824    825    5        SBX_41
1420   825    816    817    5        SBX_41
1421   824    818    816    5        SBX_41
1422   818    822    820    5        SBX_41
1423   850    859    851    0        SBX_33,Clouds
1424   851    855    852    0        SBX_33,Clouds
1425   852    855    853    0        SBX_33,Clouds
1426   853    855    854    0        SBX_33,Clouds
1427   855    858    856    0        SBX_33,Clouds
1428   856    858    857    0        SBX_33,Clouds
1429   858    855    859    0        SBX_33,Clouds
1430   859    864    860    0        SBX_33,Clouds
1431   860    864    861    0        SBX_33,Clouds
1432   861    863    862    0        SBX_33,Clouds
1433   864    866    865    0        SBX_33,Clouds
1434   861    864    863    0        SBX_33,Clouds
1435   864    867    866    0        SBX_33,Clouds
1436   867    848    847    0        SBX_33,Clouds
1437   867    849    848    0        SBX_33,Clouds
1438   859    850    864    0        SBX_33,Clouds
1439   864    849    867    0        SBX_33,Clouds
1440   855    851    859    0        SBX_33,Clouds
1441   864    850    849    0        SBX_33,Clouds
1442   828    843    846    0        SBX_33,Clouds
1443   838    834    837    0        SBX_33,Clouds
1444   837    835    836    0        SBX_33,Clouds
1445   834    835    837    0        SBX_33,Clouds
1446   834    832    833    0        SBX_33,Clouds
1447   832    834    831    0        SBX_33,Clouds
1448   831    834    830    0        SBX_33,Clouds
1449   840    843    839    0        SBX_33,Clouds
1450   839    843    838    0        SBX_33,Clouds
1451   842    840    841    0        SBX_33,Clouds
1452   845    843    844    0        SBX_33,Clouds
1453   843    840    842    0        SBX_33,Clouds
1454   838    830    834    0        SBX_33,Clouds
1455   843    829    838    0        SBX_33,Clouds
1456   830    838    829    0        SBX_33,Clouds
1457   828    846    827    0        SBX_33,Clouds
1458   827    846    826    0        SBX_33,Clouds
1459   829    843    828    0        SBX_33,Clouds
1460   846    843    845    0        SBX_33,Clouds
1461   849    828    827    0        SBX_33,Clouds
1462   848    827    826    0        SBX_33,Clouds
1463   850    829    828    0        SBX_33,Clouds
1464   851    830    829    0        SBX_33,Clouds
1465   852    831    830    0        SBX_33,Clouds
1466   853    832    831    0        SBX_33,Clouds
1467   854    833    832    0        SBX_33,Clouds
1468   855    834    833    0        SBX_33,Clouds
1469   856    835    834    0        SBX_33,Clouds
1470   857    836    835    0        SBX_33,Clouds
1471   858    837    836    0        SBX_33,Clouds
1472   859    838    837    0        SBX_33,Clouds
1473   860    839    838    0        SBX_33,Clouds
1474   861    840    839    0        SBX_33,Clouds
1475   862    841    840    0        SBX_33,Clouds
1476   863    842    841    0        SBX_33,Clouds
1477   864    843    842    0        SBX_33,Clouds
1478   865    844    843    0        SBX_33,Clouds
1479   866    845    844    0        SBX_33,Clouds
1480   867    846    845    0        SBX_33,Clouds
1481   826    846    867    0        SBX_33,Clouds
1482   849    827    848    0        SBX_33,Clouds
1483   848    826    847    0        SBX_33,Clouds
1484   850    828    849    0        SBX_33,Clouds
1485   851    829    850    0        SBX_33,Clouds
1486   852    830    851    0        SBX_33,Clouds
1487   853    831    852    0        SBX_33,Clouds
1488   854    832    853    0        SBX_33,Clouds
1489   855    833    854    0        SBX_33,Clouds
1490   856    834    855    0        SBX_33,Clouds
1491   857    835    856    0        SBX_33,Clouds
1492   858    836    857    0        SBX_33,Clouds
1493   859    837    858    0        SBX_33,Clouds
1494   860    838    859    0        SBX_33,Clouds
1495   861    839    860    0        SBX_33,Clouds
1496   862    840    861    0        SBX_33,Clouds
1497   863    841    862    0        SBX_33,Clouds
1498   864    842    863    0        SBX_33,Clouds
1499   865    843    864    0        SBX_33,Clouds
1500   866    844    865    0        SBX_33,Clouds
1501   867    845    866    0        SBX_33,Clouds
1502   826    867    847    0        SBX_33,Clouds
1503   892    901    893    0        SBX_33,Clouds
1504   893    897    894    0        SBX_33,Clouds
1505   894    897    895    0        SBX_33,Clouds
1506   895    897    896    0        SBX_33,Clouds
1507   897    900    898    0        SBX_33,Clouds
1508   898    900    899    0        SBX_33,Clouds
1509   900    897    901    0        SBX_33,Clouds
1510   901    906    902    0        SBX_33,Clouds
1511   902    906    903    0        SBX_33,Clouds
1512   903    905    904    0        SBX_33,Clouds
1513   906    908    907    0        SBX_33,Clouds
1514   903    906    905    0        SBX_33,Clouds
1515   906    909    908    0        SBX_33,Clouds
1516   909    890    889    0        SBX_33,Clouds
1517   909    891    890    0        SBX_33,Clouds
1518   901    892    906    0        SBX_33,Clouds
1519   906    891    909    0        SBX_33,Clouds
1520   897    893    901    0        SBX_33,Clouds
1521   906    892    891    0        SBX_33,Clouds
1522   870    885    888    0        SBX_33,Clouds
1523   880    876    879    0        SBX_33,Clouds
1524   879    877    878    0        SBX_33,Clouds
1525   876    877    879    0        SBX_33,Clouds
1526   876    874    875    0        SBX_33,Clouds
1527   874    876    873    0        SBX_33,Clouds
1528   873    876    872    0        SBX_33,Clouds
1529   882    885    881    0        SBX_33,Clouds
1530   881    885    880    0        SBX_33,Clouds
1531   884    882    883    0        SBX_33,Clouds
1532   887    885    886    0        SBX_33,Clouds
1533   885    882    884    0        SBX_33,Clouds
1534   880    872    876    0        SBX_33,Clouds
1535   885    871    880    0        SBX_33,Clouds
1536   872    880    871    0        SBX_33,Clouds
1537   870    888    869    0        SBX_33,Clouds
1538   869    888    868    0        SBX_33,Clouds
1539   871    885    870    0        SBX_33,Clouds
1540   888    885    887    0        SBX_33,Clouds
1541   891    870    869    0        SBX_33,Clouds
1542   890    869    868    0        SBX_33,Clouds
1543   892    871    870    0        SBX_33,Clouds
1544   893    872    871    0        SBX_33,Clouds
1545   894    873    872    0        SBX_33,Clouds
1546   895    874    873    0        SBX_33,Clouds
1547   896    875    874    0        SBX_33,Clouds
1548   897    876    875    0        SBX_33,Clouds
1549   898    877    876    0        SBX_33,Clouds
1550   899    878    877    0        SBX_33,Clouds
1551   900    879    878    0        SBX_33,Clouds
1552   901    880    879    0        SBX_33,Clouds
1553   902    881    880    0        SBX_33,Clouds
1554   903    882    881    0        SBX_33,Clouds
1555   904    883    882    0        SBX_33,Clouds
1556   905    884    883    0        SBX_33,Clouds
1557   906    885    884    0        SBX_33,Clouds
1558   907    886    885    0        SBX_33,Clouds
1559   908    887    886    0        SBX_33,Clouds
1560   909    888    887    0        SBX_33,Clouds
1561   868    888    909    0        SBX_33,Clouds
1562   891    869    890    0        SBX_33,Clouds
1563   890    868    889    0        SBX_33,Clouds
1564   892    870    891    0        SBX_33,Clouds
1565   893    871    892    0        SBX_33,Clouds
1566   894    872    893    0        SBX_33,Clouds
1567   895    873    894    0        SBX_33,Clouds
1568   896    874    895    0        SBX_33,Clouds
1569   897    875    896    0        SBX_33,Clouds
1570   898    876    897    0        SBX_33,Clouds
1571   899    877    898    0        SBX_33,Clouds
1572   900    878    899    0        SBX_33,Clouds
1573   901    879    900    0        SBX_33,Clouds
1574   902    880    901    0        SBX_33,Clouds
1575   903    881    902    0        SBX_33,Clouds
1576   904    882    903    0        SBX_33,Clouds
1577   905    883    904    0        SBX_33,Clouds
1578   906    884    905    0        SBX_33,Clouds
1579   907    885    906    0        SBX_33,Clouds
1580   908    886    907    0        SBX_33,Clouds
1581   909    887    908    0        SBX_33,Clouds
1582   868    909    889    0        SBX_33,Clouds
1583   934    943    935    0        SBX_33,Clouds
1584   935    939    936    0        SBX_33,Clouds
1585   936    939    937    0        SBX_33,Clouds
1586   937    939    938    0        SBX_33,Clouds
1587   939    942    940    0        SBX_33,Clouds
1588   940    942    941    0        SBX_33,Clouds
1589   942    939    943    0        SBX_33,Clouds
1590   943    948    944    0        SBX_33,Clouds
1591   944    948    945    0        SBX_33,Clouds
1592   945    947    946    0        SBX_33,Clouds
1593   948    950    949    0        SBX_33,Clouds
1594   945    948    947    0        SBX_33,Clouds
1595   948    951    950    0        SBX_33,Clouds
1596   951    932    931    0        SBX_33,Clouds
1597   951    933    932    0        SBX_33,Clouds
1598   943    934    948    0        SBX_33,Clouds
1599   948    933    951    0        SBX_33,Clouds
1600   939    935    943    0        SBX_33,Clouds
1601   948    934    933    0        SBX_33,Clouds
1602   912    927    930    0        SBX_33,Clouds
1603   922    918    921    0        SBX_33,Clouds
1604   921    919    920    0        SBX_33,Clouds
1605   918    919    921    0        SBX_33,Clouds
1606   918    916    917    0        SBX_33,Clouds
1607   916    918    915    0        SBX_33,Clouds
1608   915    918    914    0        SBX_33,Clouds
1609   924    927    923    0        SBX_33,Clouds
1610   923    927    922    0        SBX_33,Clouds
1611   926    924    925    0        SBX_33,Clouds
1612   929    927    928    0        SBX_33,Clouds
1613   927    924    926    0        SBX_33,Clouds
1614   922    914    918    0        SBX_33,Clouds
1615   927    913    922    0        SBX_33,Clouds
1616   914    922    913    0        SBX_33,Clouds
1617   912    930    911    0        SBX_33,Clouds
1618   911    930    910    0        SBX_33,Clouds
1619   913    927    912    0        SBX_33,Clouds
1620   930    927    929    0        SBX_33,Clouds
1621   933    912    911    0        SBX_33,Clouds
1622   932    911    910    0        SBX_33,Clouds
1623   934    913    912    0        SBX_33,Clouds
1624   935    914    913    0        SBX_33,Clouds
1625   936    915    914    0        SBX_33,Clouds
1626   937    916    915    0        SBX_33,Clouds
1627   938    917    916    0        SBX_33,Clouds
1628   939    918    917    0        SBX_33,Clouds
1629   940    919    918    0        SBX_33,Clouds
1630   941    920    919    0        SBX_33,Clouds
1631   942    921    920    0        SBX_33,Clouds
1632   943    922    921    0        SBX_33,Clouds
1633   944    923    922    0        SBX_33,Clouds
1634   945    924    923    0        SBX_33,Clouds
1635   946    925    924    0        SBX_33,Clouds
1636   947    926    925    0        SBX_33,Clouds
1637   948    927    926    0        SBX_33,Clouds
1638   949    928    927    0        SBX_33,Clouds
1639   950    929    928    0        SBX_33,Clouds
1640   951    930    929    0        SBX_33,Clouds
1641   910    930    951    0        SBX_33,Clouds
1642   933    911    932    0        SBX_33,Clouds
1643   932    910    931    0        SBX_33,Clouds
1644   934    912    933    0        SBX_33,Clouds
1645   935    913    934    0        SBX_33,Clouds
1646   936    914    935    0        SBX_33,Clouds
1647   937    915    936    0        SBX_33,Clouds
1648   938    916    937    0        SBX_33,Clouds
1649   939    917    938    0        SBX_33,Clouds
1650   940    918    939    0        SBX_33,Clouds
1651   941    919    940    0        SBX_33,Clouds
1652   942    920    941    0        SBX_33,Clouds
1653   943    921    942    0        SBX_33,Clouds
1654   944    922    943    0        SBX_33,Clouds
1655   945    923    944    0        SBX_33,Clouds
1656   946    924    945    0        SBX_33,Clouds
1657   947    925    946    0        SBX_33,Clouds
1658   948    926    947    0        SBX_33,Clouds
1659   949    927    948    0        SBX_33,Clouds
1660   950    928    949    0        SBX_33,Clouds
1661   951    929    950    0        SBX_33,Clouds
1662   910    951    931    0        SBX_33,Clouds
1663   976    985    977    0        SBX_33,Clouds
1664   977    981    978    0        SBX_33,Clouds
1665   978    981    979    0        SBX_33,Clouds
1666   979    981    980    0        SBX_33,Clouds
1667   981    984    982    0        SBX_33,Clouds
1668   982    984    983    0        SBX_33,Clouds
1669   984    981    985    0        SBX_33,Clouds
1670   985    990    986    0        SBX_33,Clouds
1671   986    990    987    0        SBX_33,Clouds
1672   987    989    988    0        SBX_33,Clouds
1673   990    992    991    0        SBX_33,Clouds
1674   987    990    989    0        SBX_33,Clouds
1675   990    993    992    0        SBX_33,Clouds
1676   993    974    973    0        SBX_33,Clouds
1677   993    975    974    0        SBX_33,Clouds
1678   985    976    990    0        SBX_33,Clouds
1679   990    975    993    0        SBX_33,Clouds
1680   981    977    985    0        SBX_33,Clouds
1681   990    976    975    0        SBX_33,Clouds
1682   954    969    972    0        SBX_33,Clouds
1683   964    960    963    0        SBX_33,Clouds
1684   963    961    962    0        SBX_33,Clouds
1685   960    961    963    0        SBX_33,Clouds
1686   960    958    959    0        SBX_33,Clouds
1687   958    960    957    0        SBX_33,Clouds
1688   957    960    956    0        SBX_33,Clouds
1689   966    969    965    0        SBX_33,Clouds
1690   965    969    964    0        SBX_33,Clouds
1691   968    966    967    0        SBX_33,Clouds
1692   971    969    970    0        SBX_33,Clouds
1693   969    966    968    0        SBX_33,Clouds
1694   964    956    960    0        SBX_33,Clouds
1695   969    955    964    0        SBX_33,Clouds
1696   956    964    955    0        SBX_33,Clouds
1697   954    972    953    0        SBX_33,Clouds
1698   953    972    952    0        SBX_33,Clouds
1699   955    969    954    0        SBX_33,Clouds
1700   972    969    971    0        SBX_33,Clouds
1701   975    954    953    0        SBX_33,Clouds
1702   974    953    952    0        SBX_33,Clouds
1703   976    955    954    0        SBX_33,Clouds
1704   977    956    955    0        SBX_33,Clouds
1705   978    957    956    0        SBX_33,Clouds
1706   979    958    957    0        SBX_33,Clouds
1707   980    959    958    0        SBX_33,Clouds
1708   981    960    959    0        SBX_33,Clouds
1709   982    961    960    0        SBX_33,Clouds
1710   983    962    961    0        SBX_33,Clouds
1711   984    963    962    0        SBX_33,Clouds
1712   985    964    963    0        SBX_33,Clouds
1713   986    965    964    0        SBX_33,Clouds
1714   987    966    965    0        SBX_33,Clouds
1715   988    967    966    0        SBX_33,Clouds
1716   989    968    967    0        SBX_33,Clouds
1717   990    969    968    0        SBX_33,Clouds
1718   991    970    969    0        SBX_33,Clouds
1719   992    971    970    0        SBX_33,Clouds
1720   993    972    971    0        SBX_33,Clouds
1721   952    972    993    0        SBX_33,Clouds
1722   975    953    974    0        SBX_33,Clouds
1723   974    952    973    0        SBX_33,Clouds
1724   976    954    975    0        SBX_33,Clouds
1725   977    955    976    0        SBX_33,Clouds
1726   978    956    977    0        SBX_33,Clouds
1727   979    957    978    0        SBX_33,Clouds
1728   980    958    979    0        SBX_33,Clouds
1729   981    959    980    0        SBX_33,Clouds
1730   982    960    981    0        SBX_33,Clouds
1731   983    961    982    0        SBX_33,Clouds
1732   984    962    983    0        SBX_33,Clouds
1733   985    963    984    0        SBX_33,Clouds
1734   986    964    985    0        SBX_33,Clouds
1735   987    965    986    0        SBX_33,Clouds
1736   988    966    987    0        SBX_33,Clouds
1737   989    967    988    0        SBX_33,Clouds
1738   990    968    989    0        SBX_33,Clouds
1739   991    969    990    0        SBX_33,Clouds
1740   992    970    991    0        SBX_33,Clouds
1741   993    971    992    0        SBX_33,Clouds
1742   952    993    973    0        SBX_33,Clouds
1743   1018   1027   1019   0        SBX_33,Clouds
1744   1019   1023   1020   0        SBX_33,Clouds
1745   1020   1023   1021   0        SBX_33,Clouds
1746   1021   1023   1022   0        SBX_33,Clouds
1747   1023   1026   1024   0        SBX_33,Clouds
1748   1024   1026   1025   0        SBX_33,Clouds
1749   1026   1023   1027   0        SBX_33,Clouds
1750   1027   1032   1028   0        SBX_33,Clouds
1751   1028   1032   1029   0        SBX_33,Clouds
1752   1029   1031   1030   0        SBX_33,Clouds
1753   1032   1034   1033   0        SBX_33,Clouds
1754   1029   1032   1031   0        SBX_33,Clouds
1755   1032   1035   1034   0        SBX_33,Clouds
1756   1035   1016   1015   0        SBX_33,Clouds
1757   1035   1017   1016   0        SBX_33,Clouds
1758   1027   1018   1032   0        SBX_33,Clouds
1759   1032   1017   1035   0        SBX_33,Clouds
1760   1023   1019   1027   0        SBX_33,Clouds
1761   1032   1018   1017   0        SBX_33,Clouds
1762   996    1011   1014   0        SBX_33,Clouds
1763   1006   1002   1005   0        SBX_33,Clouds
1764   1005   1003   1004   0        SBX_33,Clouds
1765   1002   1003   1005   0        SBX_33,Clouds
1766   1002   1000   1001   0        SBX_33,Clouds
1767   1000   1002   999    0        SBX_33,Clouds
1768   999    1002   998    0        SBX_33,Clouds
1769   1008   1011   1007   0        SBX_33,Clouds
1770   1007   1011   1006   0        SBX_33,Clouds
1771   1010   1008   1009   0        SBX_33,Clouds
1772   1013   1011   1012   0        SBX_33,Clouds
1773   1011   1008   1010   0        SBX_33,Clouds
1774   1006   998    1002   0        SBX_33,Clouds
1775   1011   997    1006   0        SBX_33,Clouds
1776   998    1006   997    0        SBX_33,Clouds
1777   996    1014   995    0        SBX_33,Clouds
1778   995    1014   994    0        SBX_33,Clouds
1779   997    1011   996    0        SBX_33,Clouds
1780   1014   1011   1013   0        SBX_33,Clouds
1781   1017   996    995    0        SBX_33,Clouds
1782   1016   995    994    0        SBX_33,Clouds
1783   1018   997    996    0        SBX_33,Clouds
1784   1019   998    997    0        SBX_33,Clouds
1785   1020   999    998    0        SBX_33,Clouds
1786   1021   1000   999    0        SBX_33,Clouds
1787   1022   1001   1000   0        SBX_33,Clouds
1788   1023   1002   1001   0        SBX_33,Clouds
1789   1024   1003   1002   0        SBX_33,Clouds
1790   1025   1004   1003   0        SBX_33,Clouds
1791   1026   1005   1004   0        SBX_33,Clouds
1792   1027   1006   1005   0        SBX_33,Clouds
1793   1028   1007   1006   0        SBX_33,Clouds
1794   1029   1008   1007   0        SBX_33,Clouds
1795   1030   1009   1008   0        SBX_33,Clouds
1796   1031   1010   1009   0        SBX_33,Clouds
1797   1032   1011   1010   0        SBX_33,Clouds
1798   1033   1012   1011   0        SBX_33,Clouds
1799   1034   1013   1012   0        SBX_33,Clouds
1800   1035   1014   1013   0        SBX_33,Clouds
1801   994    1014   1035   0        SBX_33,Clouds
1802   1017   995    1016   0        SBX_33,Clouds
1803   1016   994    1015   0        SBX_33,Clouds
1804   1018   996    1017   0        SBX_33,Clouds
1805   1019   997    1018   0        SBX_33,Clouds
1806   1020   998    1019   0        SBX_33,Clouds
1807   1021   999    1020   0        SBX_33,Clouds
1808   1022   1000   1021   0        SBX_33,Clouds
1809   1023   1001   1022   0        SBX_33,Clouds
1810   1024   1002   1023   0        SBX_33,Clouds
1811   1025   1003   1024   0        SBX_33,Clouds
1812   1026   1004   1025   0        SBX_33,Clouds
1813   1027   1005   1026   0        SBX_33,Clouds
1814   1028   1006   1027   0        SBX_33,Clouds
1815   1029   1007   1028   0        SBX_33,Clouds
1816   1030   1008   1029   0        SBX_33,Clouds
1817   1031   1009   1030   0        SBX_33,Clouds
1818   1032   1010   1031   0        SBX_33,Clouds
1819   1033   1011   1032   0        SBX_33,Clouds
1820   1034   1012   1033   0        SBX_33,Clouds
1821   1035   1013   1034   0        SBX_33,Clouds
1822   994    1035   1015   0        SBX_33,Clouds

Per-material triangle counts:
  [  0] SBX_33,Clouds                    : 400 tris
  [  1] SBX_35                           : 233 tris
  [  2] SBX_37                           : 58 tris
  [  3] SBX_37,bridgelight               : 2 tris
  [  4] SBX_40                           : 464 tris
  [  5] SBX_41                           : 340 tris
  [  6] SBX_41,VolcanoSauce              : 6 tris
  [  7] SBX_43,SPIRE                     : 10 tris
  [  8] SBX_44                           : 210 tris
  [  9] SBX_49                           : 100 tris
