MAPEDIT6
START -13.600000 -18.900000 4.595920 9
VERTS 681
-0.900000 -3.200000
0.900000 -3.200000
1.000000 -7.000000
-1.000000 -7.000000
1.000000 -9.000000
-5.000000 -3.000000
3.000000 -7.000000
3.000000 -9.000000
0.800000 -13.000000
-1.100000 -11.000000
-5.000000 -11.000000
-11.000000 -3.000000
-7.000000 -13.000000
-7.000000 -5.000000
-11.000000 -5.000000
-11.000000 -9.000000
-13.000000 -1.000000
-13.000000 -9.000000
-11.000000 -1.000000
-17.000000 -9.000000
-17.000000 -5.000000
-13.000000 -7.000000
-13.000000 -5.000000
-15.000000 -7.000000
-15.000000 -9.000000
-17.000000 -7.000000
-17.200001 -16.000000
-25.000000 -6.600000
-23.000000 -13.600000
-21.000000 -12.900000
-19.000000 -12.900000
-19.100000 -11.000000
-20.900000 -11.000000
-23.000000 -9.300000
-24.600000 -9.000000
-29.000000 -5.000000
-25.800001 -13.000000
-29.000000 -13.400001
-25.000000 -5.000000
-31.600002 -10.500000
-35.000000 -11.000000
-35.000000 -18.000000
-29.000000 -19.000000
-32.699997 -16.000000
-31.400002 -16.000000
-31.400002 -13.000000
-33.099998 -13.400000
-17.000000 -17.000000
-19.000000 -17.000000
-19.400002 -15.000000
-29.000000 -17.000000
-17.000000 -19.000000
-25.000000 -19.000000
-25.000000 -21.000000
-21.000000 -21.000000
-21.000000 -19.000000
-27.000000 -19.000000
-27.000000 -27.000000
-29.000000 -27.000000
-31.000000 -19.200001
-33.000000 -19.200001
-31.000000 -28.000000
-33.000000 -28.000000
-27.000000 -23.000000
-25.000000 -23.000000
-24.000000 -31.000000
-26.000000 -29.000000
-23.000000 -25.000000
-24.000000 -25.000000
-21.000000 -31.000000
-22.000000 -27.000000
-21.000000 -27.000000
-25.000000 -29.000000
-19.000000 -29.200001
-11.000000 -23.000000
-11.000000 -33.000000
-35.000000 -28.000000
-29.000000 -28.000000
-29.000000 -36.000000
-35.000000 -36.000000
-19.000000 -23.000000
-19.000000 -33.000000
-17.100000 -28.900000
-13.100000 -29.100000
-12.900000 -27.100000
-17.100000 -27.100000
-16.799999 -17.000000
-15.000000 -19.000000
-13.000000 -23.000000
-15.000000 -23.000000
-13.000000 -19.000000
-9.000000 -19.000000
-9.000000 -21.000000
-7.000000 -23.000000
-11.000000 -21.000000
-9.000000 -23.000000
-1.000000 -35.000000
-9.000000 -35.000000
-7.000000 -33.000000
-3.000000 -33.000000
-1.000000 -33.000000
1.000000 -31.009998
-3.000000 -27.000000
1.000000 -33.000000
-1.000000 -21.000000
-1.000000 -31.009998
-5.000000 -21.000000
-5.000000 -27.000000
-6.700000 -31.000000
-6.700000 -29.000000
-6.200000 -29.000000
-6.200000 -31.000000
-5.700000 -29.000000
-5.700000 -31.000000
-5.200000 -29.000000
-5.200000 -31.000000
-4.700000 -29.000000
-4.700000 -31.000000
-4.200000 -29.000000
-4.200000 -31.000000
-3.200000 -29.000000
-3.200000 -31.000000
1.000000 -29.000000
-2.000000 -1.000000
-2.000000 2.000000
2.000000 2.000000
2.000000 -1.000000
-1.000000 -2.600000
1.000000 -2.600000
-0.900000 -3.000000
0.900000 -3.000000
-1.000000 -3.000000
1.000000 -3.000000
1.000000 -3.200000
-1.000000 -3.200000
-31.000000 -15.600000
-31.000000 -13.400000
-32.599998 -13.000000
-33.099998 -15.600000
-7.300000 -35.099998
-8.600000 -35.099998
-7.600000 -35.500000
-8.300000 -35.500000
-7.000000 -35.000000
-8.900000 -35.000000
-7.200000 -34.900002
-7.100000 -34.900002
-8.700000 -34.900002
-8.800000 -34.900002
-8.400000 -35.090000
-7.500000 -35.090000
-7.700000 -34.900002
-8.200000 -34.900002
-8.600000 -35.200001
-7.300000 -35.200001
-8.600000 -35.000000
-7.300000 -35.000000
-8.300000 -35.300003
-8.200000 -35.300003
-8.200000 -35.200001
-8.300000 -35.200001
-7.700000 -35.300003
-7.600000 -35.300003
-7.600000 -35.200001
-7.700000 -35.200001
1.100000 -12.900000
1.000000 -12.800000
0.900000 -13.100000
-0.990000 -10.100000
-0.990000 -11.009998
-1.900000 -11.009998
-1.000000 -10.900000
-6.999998 -27.900000
-9.000002 -27.000000
-7.000000 -31.000000
-7.000000 -29.000002
-15.700000 -26.900000
-16.299999 -26.900000
-15.600000 -27.000000
-16.400000 -27.000000
-14.300000 -27.100000
-13.500000 -27.100000
-14.400001 -27.000000
-13.400001 -27.000000
-13.100000 -26.900000
-13.000000 -27.200001
-13.100000 -27.500000
-13.100000 -27.900002
-13.000000 -28.000000
-12.900000 -28.900000
-16.900002 -29.100000
-16.900002 -26.900000
-13.900001 -29.000000
-14.100000 -28.799999
-16.299999 -29.000000
-16.100000 -28.799999
-16.799999 -29.000000
-17.000000 -28.800001
-16.799999 -27.000000
-17.000000 -27.200001
-13.200000 -27.000000
-13.000000 -27.400002
-13.000001 -28.799999
-13.200001 -29.000000
-15.100000 -28.900002
-14.900001 -28.900002
-15.200000 -28.799999
-14.800000 -28.799999
-14.800000 -27.000000
-15.200000 -27.000000
-14.900001 -26.900000
-15.099999 -26.900000
-31.400000 -15.200000
-31.400000 -13.800000
-31.000000 -15.400001
-31.000000 -13.600000
-31.100000 -15.400001
-31.100000 -13.600000
-28.600000 -13.000000
-31.000000 -9.900001
-25.000000 -9.400001
-23.300001 -9.000000
-24.600000 -7.000000
-19.000000 -12.600000
-19.000000 -11.400000
-19.200001 -12.400000
-19.200001 -11.600000
-19.400000 -11.000000
-19.600000 -11.200000
-20.400000 -11.200000
-20.600000 -11.000000
-21.000000 -11.400000
-20.799999 -11.600000
-20.799999 -12.400000
-21.000000 -12.600000
-20.600000 -13.000000
-20.400002 -12.800000
-19.600000 -12.800000
-19.400002 -13.000000
-19.000000 -11.100000
-21.000000 -11.100000
-20.900000 -13.000000
-19.100000 -13.000000
-19.000000 -15.400000
-21.600000 -15.000000
-34.000000 -19.000000
-31.000000 -7.000000
-21.000000 -30.800001
-21.000000 -29.200001
-20.199999 -29.199999
-20.199999 -30.800001
-19.000000 -30.800001
-19.800001 -30.800001
-19.800001 -29.200001
-29.599998 -17.000002
-29.600000 -16.800001
-29.000002 -16.800001
-29.110001 -17.000000
-29.490000 -17.000000
-29.110001 -19.000000
-29.490000 -19.000000
-15.599999 -32.989986
-14.500000 -32.989986
-14.500000 -28.909998
-15.599999 -28.909998
-32.799999 -28.400002
-32.699997 -28.500002
-32.500000 -28.500002
-32.399998 -28.400002
-31.600000 -28.400002
-31.500002 -28.500002
-31.300001 -28.500002
-31.200001 -28.400002
-31.200001 -28.200003
-31.300001 -28.100002
-31.300001 -27.900000
-31.200001 -27.799999
-31.200001 -27.600000
-31.300001 -27.500000
-31.500002 -27.500000
-31.600000 -27.600000
-32.400002 -27.600000
-32.500000 -27.500000
-32.700001 -27.500000
-32.800003 -27.600000
-32.800003 -27.799999
-32.700001 -27.900000
-32.700001 -28.100000
-32.800003 -28.200001
-13.400002 -20.200001
-13.400002 -19.900002
-14.599998 -20.100000
-14.599998 -19.900002
-13.400002 -20.100000
-13.400002 -19.800001
-14.599999 -19.800001
-14.800001 -20.200001
-13.000000 -20.400000
-13.000000 -19.400000
-15.000000 -19.599998
-13.099999 -19.900002
-13.000000 -19.600002
-13.200000 -19.800001
-12.900000 -19.700001
-32.599998 -16.000000
-31.500000 -16.000000
-32.599998 -15.900001
-31.500002 -13.300000
-31.699999 -13.100000
-32.500000 -13.099999
-32.500000 -16.000000
-32.399998 -16.000000
-32.399998 -15.900002
-32.500000 -15.900002
-32.299999 -16.000000
-32.200001 -16.000000
-32.200001 -15.900002
-32.299999 -15.900002
-32.099998 -16.000000
-32.000000 -16.000000
-32.000000 -15.900002
-32.099998 -15.900002
-31.900002 -16.000000
-31.800001 -16.000000
-31.800001 -15.900002
-31.900002 -15.900002
-31.700001 -16.000000
-31.600000 -16.000000
-31.600000 -15.900002
-31.700001 -15.900002
-33.000000 -15.500000
-33.000000 -13.500000
-14.599999 -20.200001
-14.700001 -20.100000
-14.700001 -19.900000
-13.300000 -19.900000
-13.300000 -20.100000
-26.200001 -17.000000
-26.200001 -19.000000
-25.800001 -19.000000
-25.799999 -18.599998
-25.900000 -18.599998
-26.100000 -18.599998
-26.200001 -18.599998
-25.799999 -17.000000
-26.200001 -17.400000
-25.799999 -17.400002
-26.100000 -17.400000
-25.900000 -17.400000
-25.300001 -18.300001
-24.300001 -18.300001
-24.300001 -17.700001
-25.300001 -17.700001
-26.200001 -17.300001
-26.200001 -17.100000
-26.130001 -17.100000
-26.130001 -17.300001
-27.700001 -18.300001
-26.700001 -18.300001
-26.700001 -17.700001
-27.700001 -17.700001
-19.000000 -16.600002
-18.799999 -16.000000
-18.600000 -16.400002
-18.599998 -16.000000
-17.400000 -16.000000
-17.400002 -16.400002
-17.200003 -16.400000
-17.400000 -16.300001
-17.400000 -16.100000
-18.600000 -16.300001
-18.600000 -16.100000
-17.000000 -15.800000
-16.900000 -15.900001
-17.100000 -16.100000
-19.000000 -15.800000
-18.900002 -16.100000
-19.100000 -15.900001
-14.800000 -19.799999
-14.900000 -19.900000
-15.099999 -19.700001
-15.000000 -20.400000
-13.200001 -20.200001
-13.100000 -20.100000
-12.900001 -20.300001
-15.099999 -20.300001
-14.900000 -20.100000
-17.000000 -16.600000
-18.800001 -16.400000
-19.100000 -16.500000
-18.900000 -16.299999
-17.100000 -16.299999
-16.900002 -16.500000
-20.049999 -14.400001
-20.049999 -14.000000
-20.500000 -14.000000
-20.500000 -14.400001
-19.950001 -14.400001
-19.500000 -14.400001
-19.500000 -14.000001
-19.950001 -14.000001
-19.950001 -13.900001
-19.500000 -13.900001
-19.500000 -13.500001
-19.950001 -13.500001
-20.500000 -13.900001
-20.049999 -13.900001
-20.049999 -13.500001
-20.500000 -13.500001
-24.900002 -21.000000
-24.800001 -20.900000
-24.700001 -20.900000
-24.300001 -20.900000
-24.200001 -20.900000
-24.100000 -21.000000
-24.300001 -21.000000
-24.700001 -21.000000
-23.800001 -20.900000
-23.200001 -20.900000
-23.200001 -21.000000
-23.800001 -21.000000
-23.100000 -20.900000
-23.900000 -20.900000
-24.000000 -21.000000
-23.000000 -21.000000
-7.000000 -19.799999
-7.100000 -20.000002
-11.000000 -21.400000
-9.400000 -23.000002
-9.000000 -16.999998
-15.200001 -16.999998
-11.000003 -22.000000
-19.600000 -18.900000
-19.600000 -17.100000
-19.400000 -18.900000
-19.400000 -17.100000
-19.400000 -17.000000
-19.600000 -17.000000
-19.600000 -19.000000
-19.400000 -19.000000
-34.500000 -10.500000
-35.200001 -10.600000
-34.900002 -10.300001
-34.599998 -11.600000
-33.999996 -11.000001
-25.000000 -12.200000
-25.300001 -12.199999
-25.500000 -12.300000
-25.700001 -12.500000
-25.799999 -12.700001
-26.400000 -13.000000
-27.900002 -13.000000
-26.600000 -13.200000
-27.699999 -13.200000
-29.000000 -9.000000
-27.000000 -9.000000
-27.000000 -7.000000
-29.000000 -7.000000
-28.200001 -8.100000
-27.799999 -8.100000
-27.799999 -7.900001
-28.200001 -7.900001
-30.800001 -19.000000
-33.200001 -19.000000
-27.900000 -8.200001
-28.100000 -8.200001
-28.100000 -7.800000
-27.900000 -7.800000
-28.900000 -8.800000
-27.200001 -8.900001
-27.100000 -8.100001
-28.900000 -8.100000
-28.900000 -7.900000
-27.100000 -7.900001
-27.100000 -7.200001
-28.799999 -7.100000
-29.100000 -9.100000
-26.900000 -9.100000
-26.900000 -6.900001
-29.100000 -6.900001
-7.000000 -27.999998
-7.119998 -28.000000
-7.119998 -27.900000
-9.000000 -28.900000
-7.400000 -28.000000
-7.400000 -27.900000
-24.900000 -11.400001
-24.900000 -10.100000
-23.600000 -10.100000
-23.600000 -11.400001
-24.600000 -10.100000
-24.600000 -11.400001
-25.000000 -11.500000
-25.000000 -10.000000
-7.100000 -20.200001
-7.000000 -20.199999
-33.100002 -14.600000
-6.900000 -19.900000
-6.900000 -19.700001
-7.200000 -20.100000
-7.000000 -17.000000
-7.100000 -19.600000
-7.200000 -19.500000
-7.100000 -19.400002
-7.000000 -19.400002
-9.300000 -5.000000
-9.300000 -3.000000
-19.000000 -10.000000
-18.000000 -10.000000
-18.000000 -9.000000
-19.000000 -9.000000
-26.199999 -11.200000
-26.199999 -10.200000
-25.199999 -10.200000
-25.199999 -11.200000
-10.200000 -18.400000
-11.000000 -17.400000
-9.200000 -17.400000
-9.000000 -18.900000
-13.400001 -17.200001
-12.600000 -17.500000
-12.500000 -17.009998
-13.400001 -17.009998
-8.900001 -27.600000
-8.900001 -28.200001
-8.700000 -28.300001
-8.700000 -27.400000
-10.800000 -22.800001
-9.900001 -22.800001
-10.100000 -22.200001
-10.600000 -22.200001
-24.800001 -11.200000
-24.700001 -11.200000
-24.700001 -11.100000
-24.800001 -11.100000
-24.800001 -10.400001
-24.700001 -10.400001
-24.700001 -10.300000
-24.800001 -10.300000
-24.800001 -10.800000
-24.700001 -10.800000
-24.700001 -10.700000
-24.800001 -10.700000
-33.000000 -19.600000
-32.600002 -19.600000
-32.600002 -19.800001
-33.000000 -19.799999
-31.000000 -19.800001
-31.400000 -19.800001
-31.400000 -19.600000
-31.000000 -19.600000
-30.600000 -15.500001
-29.100000 -16.100000
-29.100000 -15.700001
-30.600000 -15.300000
-30.600000 -15.200001
-30.600000 -15.000000
-29.100000 -15.300000
-29.100000 -15.600000
-30.600000 -14.900002
-30.600000 -14.700001
-29.100000 -14.800000
-29.100000 -15.200001
-30.600000 -14.600001
-30.600000 -14.400001
-29.100000 -14.299999
-29.100000 -14.700001
-30.600000 -14.300001
-30.600000 -14.100000
-29.100000 -13.799998
-29.100000 -14.200000
-30.600000 -14.000002
-30.600000 -13.800001
-29.100000 -13.400000
-29.100000 -13.700000
-30.600000 -13.700002
-30.600000 -13.500001
-29.300001 -13.099998
-29.000000 -13.300000
-29.000000 -16.100000
-29.000000 -15.700000
-29.000000 -15.600000
-29.000000 -15.300000
-29.000000 -15.200000
-29.000000 -14.800000
-29.000000 -14.700000
-29.000000 -14.300000
-29.000000 -14.200000
-29.000000 -13.800000
-29.000000 -13.700000
-28.400000 -12.990003
-28.400000 -12.800000
-31.100000 -19.600000
-31.300001 -19.600000
-31.100000 -19.700001
-31.300001 -19.700001
-32.900002 -19.600000
-32.700001 -19.600000
-32.700001 -19.700001
-32.900002 -19.700001
-32.200001 -18.200001
-31.799999 -18.200001
-31.799999 -17.800001
-32.200001 -17.800001
-27.600000 -8.400001
-28.400000 -7.600000
-28.400002 -8.400001
-27.600000 -7.600000
-27.100000 -8.800000
-28.800001 -8.900001
-28.900000 -7.200000
-27.200001 -7.100000
-32.400002 -19.200001
-35.000000 -17.000002
-35.000000 -16.500000
-35.399998 -17.000002
-35.399998 -16.500000
-10.000000 -10.000001
-10.000000 -6.000000
-7.200000 -6.000000
-7.200000 -10.000000
-7.200000 -9.000000
-7.200000 -7.000000
-7.000000 -9.000000
-7.000000 -7.000000
-32.159992 -18.160002
-31.839998 -18.160002
-31.839998 -17.839998
-32.159992 -17.839998
-14.400001 -29.200001
-14.400001 -31.900000
-14.100000 -32.400002
-14.000000 -29.800001
-16.100000 -29.400000
-15.699999 -29.000000
-15.700001 -32.800003
-16.100000 -32.599998
-18.590004 -23.400000
-15.309999 -23.400000
-15.309999 -23.100000
-18.590004 -23.100000
-18.900002 -23.400000
-18.900002 -23.100000
-11.400001 -23.400000
-11.099999 -23.400000
-11.100000 -23.100000
-11.400000 -23.100000
-15.000001 -23.400000
-15.000001 -23.100000
-34.899998 -18.000000
-34.700001 -18.000000
-34.700001 -15.800000
-34.899998 -15.800000
-33.400002 -34.400002
-30.600000 -34.400002
-30.600000 -29.600000
-33.400002 -29.600000
-33.000000 -34.000000
-31.000000 -34.000000
-31.000000 -30.000000
-33.000000 -30.000000
-32.500000 -30.000000
-32.399998 -30.100000
-31.600000 -30.100000
-31.500000 -30.000000
-25.800001 -17.300001
-25.800001 -17.100000
-25.870001 -17.300001
-25.870001 -17.100000
-32.500000 -28.200001
-32.400002 -28.300001
-31.600000 -28.300001
-31.500000 -28.200001
-31.500000 -27.800001
-31.600000 -27.700001
-32.400002 -27.700001
-32.500000 -27.800001
-21.700001 -18.300001
-21.700001 -17.700001
-20.700001 -17.700001
-20.700001 -18.300001
WALLS 1109
0 1 20 -0.600000 0.300000 6 6 6 3 0 0.500000 0.500000
1 133 -1 0.000000 0.000000 1 6 1 20 262176 0.500000 0.500000
133 2 -1 0.000000 0.000000 1 7 1 20 0 0.500000 0.500000
2 3 1 -0.600000 0.400000 7 7 7 1 0 0.500000 0.500000
3 134 -1 0.000000 0.000000 1 7 1 20 0 0.500000 0.500000
134 0 -1 0.000000 0.000000 1 6 1 20 262176 0.500000 0.500000
3 2 0 -0.600000 0.400000 7 7 7 1 0 1.000000 1.000000
2 4 2 -0.600000 0.400000 7 7 7 1 0 1.000000 1.000000
4 166 -1 0.000000 0.000000 7 7 7 20 0 0.500000 0.500000
166 165 -1 0.000000 0.000000 7 7 7 20 7340032 0.500000 0.500000
165 167 -1 0.000000 0.000000 7 5 7 20 7340032 0.500000 0.500000
167 8 -1 0.000000 0.000000 7 7 7 20 7340032 0.500000 0.500000
8 12 -1 0.000000 0.000000 7 7 7 20 0 0.500000 0.500000
12 623 -1 0.000000 0.000000 7 7 7 20 0 0.500000 0.500000
623 624 95 -0.365000 0.135000 7 10 7 79 0 0.500000 0.500000
624 13 -1 0.000000 0.000000 7 7 7 20 0 0.500000 0.500000
13 505 -1 0.000000 0.000000 7 7 7 20 0 0.500000 0.500000
505 506 75 -0.400000 0.400000 8 16 8 77 13 0.500000 1.000000
506 5 -1 0.000000 0.000000 7 7 7 20 0 0.500000 0.500000
5 10 -1 0.000000 0.000000 7 7 7 20 0 0.500000 0.500000
10 170 -1 0.000000 0.000000 7 7 7 20 0 0.500000 0.500000
170 9 -1 0.000000 0.000000 7 7 7 20 6291456 0.500000 0.500000
9 171 -1 0.000000 0.000000 7 7 7 20 6291456 0.500000 0.500000
171 168 -1 0.000000 0.000000 7 7 7 20 6291456 0.500000 0.500000
168 3 -1 0.000000 0.000000 7 7 7 20 0 0.500000 0.500000
8 166 25 -0.600000 0.400000 1 1 1 1 0 1.000000 1.000000
166 168 25 -0.600000 0.400000 1 1 1 1 0 1.000000 1.000000
168 169 25 -0.600000 0.400000 1 1 1 1 0 1.000000 1.000000
169 170 25 -0.600000 0.400000 1 1 1 1 0 1.000000 1.000000
170 8 25 -0.600000 0.400000 1 1 1 1 0 1.000000 1.000000
4 2 1 -0.600000 0.400000 7 7 7 1 0 1.000000 1.000000
2 6 -1 0.000000 0.000000 7 7 7 20 0 0.500000 0.500000
6 7 -1 0.000000 0.000000 7 7 7 20 0 0.500000 0.500000
7 4 -1 0.000000 0.000000 7 7 7 20 0 0.500000 0.500000
11 14 75 -0.200000 0.700000 7 7 7 3 0 1.000000 1.000000
14 15 -1 0.000000 0.000000 7 7 7 20 0 0.500000 0.500000
15 17 -1 0.000000 0.000000 7 7 7 20 0 0.500000 0.500000
17 21 -1 0.000000 0.000000 7 7 7 20 0 0.500000 0.500000
21 23 -1 0.000000 0.000000 7 7 7 20 0 0.500000 0.500000
23 24 -1 0.000000 0.000000 7 7 7 20 0 0.500000 0.500000
24 19 -1 0.000000 0.000000 7 7 7 20 0 0.500000 0.500000
19 25 4 0.000000 1.000000 7 16 7 77 16777217 1.000000 1.000000
25 20 -1 0.000000 0.000000 7 7 7 20 0 0.500000 0.500000
20 22 -1 0.000000 0.000000 7 7 7 20 0 0.500000 0.500000
22 16 -1 0.000000 0.000000 7 7 7 20 0 0.500000 0.500000
16 18 -1 0.000000 0.000000 7 7 7 20 0 0.500000 0.500000
18 11 -1 0.000000 0.000000 7 7 7 20 0 0.500000 0.500000
25 19 3 0.000000 1.000000 7 16 7 69 1 1.000000 1.000000
19 372 -1 0.000000 0.000000 7 7 7 20 0 0.500000 0.500000
372 26 48 0.400000 0.500000 7 7 7 11 0 0.500000 0.500000
26 365 -1 0.000000 0.000000 7 7 7 20 0 0.500000 0.500000
365 369 -1 0.000000 0.000000 7 7 7 20 0 0.500000 0.500000
369 368 -1 0.000000 0.000000 7 7 7 20 0 0.500000 0.500000
368 366 -1 0.000000 0.000000 7 7 7 20 0 0.500000 0.500000
366 367 -1 0.000000 0.000000 7 7 7 20 0 0.500000 0.500000
367 387 54 0.400000 0.500000 7 7 7 11 0 0.500000 0.500000
387 47 -1 0.000000 0.000000 7 7 7 20 0 0.500000 0.500000
47 48 43 0.000000 1.000000 7 7 7 1 0 0.500000 0.500000
48 361 -1 0.000000 0.000000 7 7 7 20 0 0.500000 0.500000
361 388 53 0.400000 0.500000 7 7 7 11 0 0.500000 0.500000
388 363 -1 0.000000 0.000000 7 7 7 20 0 0.500000 0.500000
363 370 -1 0.000000 0.000000 7 7 7 20 0 0.500000 0.500000
370 371 -1 0.000000 0.000000 0 1 0 20 0 1.000000 1.000000
371 364 -1 0.000000 0.000000 7 7 7 20 0 0.500000 0.500000
364 362 -1 0.000000 0.000000 7 7 7 20 0 0.500000 0.500000
362 375 49 0.400000 0.500000 7 7 7 11 0 0.500000 0.500000
375 243 -1 0.000000 0.000000 7 7 7 20 0 0.500000 0.500000
243 49 -1 0.000000 0.000000 7 7 7 20 0 0.500000 0.500000
49 244 -1 0.000000 0.000000 7 7 7 20 0 0.500000 0.500000
244 28 -1 0.000000 0.000000 7 7 7 20 0 0.500000 0.500000
28 33 -1 0.000000 0.000000 7 7 7 20 0 0.500000 0.500000
33 221 -1 0.000000 0.000000 7 7 7 20 0 0.500000 0.500000
221 34 -1 0.000000 0.000000 7 7 7 20 0 0.500000 0.500000
34 220 -1 0.000000 0.000000 7 7 7 20 0 0.500000 0.500000
220 493 -1 0.000000 0.000000 0 7 0 20 0 1.000000 1.000000
493 487 -1 0.000000 0.000000 0 7 0 20 0 1.000000 1.000000
487 486 74 0.200000 0.900000 6 16 6 79 0 1.000000 1.000000
486 492 -1 0.000000 0.000000 0 7 0 20 0 1.000000 1.000000
492 445 -1 0.000000 0.000000 0 7 0 20 0 1.000000 1.000000
445 446 -1 0.000000 0.000000 7 6 7 20 262176 0.500000 0.500000
446 447 -1 0.000000 0.000000 7 6 7 20 262176 0.500000 0.500000
447 448 -1 0.000000 0.000000 7 6 7 20 262176 0.500000 0.500000
448 449 -1 0.000000 0.000000 7 6 7 20 262176 0.500000 0.500000
449 36 -1 0.000000 0.000000 7 6 7 20 262176 0.500000 0.500000
36 450 -1 0.000000 0.000000 7 7 7 20 0 0.500000 0.500000
450 451 67 0.265000 0.734999 7 10 7 79 0 0.500000 0.500000
451 218 -1 0.000000 0.000000 7 7 7 20 0 0.500000 0.500000
218 37 -1 0.000000 0.000000 7 7 7 20 0 0.500000 0.500000
37 589 -1 0.000000 0.000000 7 7 7 20 5242880 0.500000 0.500000
589 588 -1 0.000000 0.000000 7 7 7 20 0 0.500000 0.500000
588 587 -1 0.000000 0.000000 7 7 7 20 5242880 0.500000 0.500000
587 586 -1 0.000000 0.000000 7 7 7 20 0 0.500000 0.500000
586 585 -1 0.000000 0.000000 7 7 7 20 5242880 0.500000 0.500000
585 584 -1 0.000000 0.000000 7 7 7 20 0 0.500000 0.500000
584 583 -1 0.000000 0.000000 7 7 7 20 5242880 0.500000 0.500000
583 582 -1 0.000000 0.000000 7 7 7 20 0 0.500000 0.500000
582 581 -1 0.000000 0.000000 7 7 7 20 5242880 0.500000 0.500000
581 580 -1 0.000000 0.000000 7 7 7 20 0 0.500000 0.500000
580 579 -1 0.000000 0.000000 7 7 7 20 5242880 0.500000 0.500000
579 256 -1 0.000000 0.000000 7 7 7 20 0 0.500000 0.500000
256 255 -1 0.000000 0.000000 7 7 7 20 0 0.500000 0.500000
255 254 -1 0.000000 0.000000 7 7 7 20 0 0.500000 0.500000
254 258 -1 0.000000 0.000000 7 7 7 20 0 0.500000 0.500000
258 257 -1 0.000000 0.000000 1 1 1 20 0 1.000000 1.000000
257 50 -1 0.000000 0.000000 7 7 7 20 0 0.500000 0.500000
50 42 5 0.000000 1.000000 7 7 7 1 0 0.500000 0.500000
42 259 -1 0.000000 0.000000 7 7 7 20 0 0.500000 0.500000
259 260 -1 0.000000 0.000000 2 2 7 0 0 0.500000 0.500000
260 462 -1 0.000000 0.000000 7 7 7 20 0 0.500000 0.500000
462 59 -1 0.000000 0.000000 7 7 7 20 0 0.500000 0.500000
59 612 6 0.000000 1.000000 7 255 7 1 0 0.500000 0.500000
612 60 6 0.000000 1.000000 7 16 7 69 16777231 1.000000 1.000000
60 463 -1 0.000000 0.000000 7 7 7 20 0 0.500000 0.500000
463 245 -1 0.000000 0.000000 7 7 7 20 0 0.500000 0.500000
245 41 -1 0.000000 0.000000 7 7 7 20 0 0.500000 0.500000
41 613 -1 0.000000 0.000000 7 7 7 20 0 0.500000 0.500000
613 614 93 0.235000 0.499999 7 255 7 15 0 0.500000 0.500000
614 40 -1 0.000000 0.000000 7 7 7 20 0 0.500000 0.500000
40 40 -1 0.000000 0.000000 7 7 7 20 0 0.500000 0.500000
40 440 65 0.265000 0.734999 7 16 7 79 3145731 0.500000 0.500000
440 39 -1 0.000000 0.000000 7 7 7 20 0 0.500000 0.500000
39 219 -1 0.000000 0.000000 7 7 7 20 0 0.500000 0.500000
219 246 -1 0.000000 0.000000 7 7 7 20 0 0.500000 0.500000
246 35 -1 0.000000 0.000000 7 7 7 20 0 0.500000 0.500000
35 38 -1 0.000000 0.000000 7 7 7 20 0 0.500000 0.500000
38 27 -1 0.000000 0.000000 7 7 7 20 0 0.500000 0.500000
27 222 -1 0.000000 0.000000 7 7 7 20 0 0.500000 0.500000
222 25 -1 0.000000 0.000000 7 7 7 20 0 0.500000 0.500000
29 241 -1 0.000000 0.000000 7 6 7 20 262176 0.500000 0.500000
241 235 -1 0.000000 0.000000 7 6 7 20 262176 0.500000 0.500000
235 236 -1 0.000000 0.000000 7 6 7 20 262176 0.500000 0.500000
236 237 -1 0.000000 0.000000 7 7 7 20 0 0.500000 0.500000
237 238 -1 0.000000 0.000000 7 6 7 20 262176 0.500000 0.500000
238 242 -1 0.000000 0.000000 7 6 7 20 262176 0.500000 0.500000
242 30 -1 0.000000 0.000000 7 6 7 20 262176 0.500000 0.500000
30 223 -1 0.000000 0.000000 7 6 7 20 262176 0.500000 0.500000
223 225 -1 0.000000 0.000000 7 6 7 20 262176 0.500000 0.500000
225 226 -1 0.000000 0.000000 7 7 7 20 0 0.500000 0.500000
226 224 -1 0.000000 0.000000 7 6 7 20 262176 0.500000 0.500000
224 239 -1 0.000000 0.000000 7 6 7 20 262176 0.500000 0.500000
239 31 -1 0.000000 0.000000 7 6 7 20 262176 0.500000 0.500000
31 227 -1 0.000000 0.000000 7 6 7 20 262176 0.500000 0.500000
227 228 -1 0.000000 0.000000 7 6 7 20 262176 0.500000 0.500000
228 229 -1 0.000000 0.000000 7 7 7 20 0 0.500000 0.500000
229 230 -1 0.000000 0.000000 7 6 7 20 262176 0.500000 0.500000
230 32 -1 0.000000 0.000000 7 6 7 20 262176 0.500000 0.500000
32 240 -1 0.000000 0.000000 7 6 7 20 262176 0.500000 0.500000
240 231 -1 0.000000 0.000000 7 6 7 20 262176 0.500000 0.500000
231 232 -1 0.000000 0.000000 7 6 7 20 262176 0.500000 0.500000
232 233 -1 0.000000 0.000000 7 7 7 20 0 0.500000 0.500000
233 234 -1 0.000000 0.000000 7 6 7 20 262176 0.500000 0.500000
234 29 -1 0.000000 0.000000 7 6 7 20 262176 0.500000 0.500000
43 304 -1 0.000000 0.000000 7 6 7 20 262176 1.000000 1.000000
304 306 -1 0.000000 0.000000 7 6 7 20 262176 1.000000 1.000000
306 330 -1 0.000000 0.000000 7 6 7 20 262176 1.000000 1.000000
330 331 -1 0.000000 0.000000 7 6 7 20 262176 1.000000 1.000000
331 309 -1 0.000000 0.000000 7 6 7 20 262176 1.000000 1.000000
309 308 -1 0.000000 0.000000 7 6 7 20 262176 1.000000 1.000000
308 307 -1 0.000000 0.000000 7 6 7 20 262176 1.000000 1.000000
307 305 -1 0.000000 0.000000 7 6 7 20 262176 1.000000 1.000000
305 44 -1 0.000000 0.000000 7 6 7 20 262176 1.000000 1.000000
44 135 -1 0.000000 0.000000 7 6 7 20 262176 1.000000 1.000000
135 214 -1 0.000000 0.000000 7 6 7 20 262176 1.000000 1.000000
214 215 27 0.300000 0.700000 6 10 6 79 1 1.000000 1.000000
215 136 -1 0.000000 0.000000 7 6 7 20 262176 1.000000 1.000000
136 45 -1 0.000000 0.000000 7 6 7 20 262176 1.000000 1.000000
45 137 -1 0.000000 0.000000 7 6 7 20 4456480 1.000000 1.000000
137 46 -1 0.000000 0.000000 7 6 7 20 262176 1.000000 1.000000
46 496 -1 0.000000 0.000000 7 6 7 20 5505056 1.000000 1.000000
496 138 -1 0.000000 0.000000 7 6 7 20 262176 1.000000 1.000000
138 43 -1 0.000000 0.000000 7 6 7 20 262176 1.000000 1.000000
259 260 -1 0.000000 0.000000 0 6 7 20 0 1.000000 1.000000
259 257 29 0.000000 1.000000 6 6 6 1 0 1.000000 1.000000
258 257 -1 0.000000 0.000000 0 1 0 20 0 1.000000 1.000000
258 260 29 0.000000 1.000000 6 6 6 1 0 1.000000 1.000000
310 311 35 0.000000 1.000000 6 6 6 1 262176 1.000000 1.000000
311 312 35 0.000000 1.000000 6 6 6 1 262176 1.000000 1.000000
312 313 35 0.000000 1.000000 6 6 6 1 262176 1.000000 1.000000
313 310 35 0.000000 1.000000 6 6 6 1 262176 1.000000 1.000000
314 315 36 0.000000 1.000000 6 6 6 1 262176 1.000000 1.000000
315 316 36 0.000000 1.000000 6 6 6 1 262176 1.000000 1.000000
316 317 36 0.000000 1.000000 6 6 6 1 262176 1.000000 1.000000
317 314 36 0.000000 1.000000 6 6 6 1 262176 1.000000 1.000000
318 319 37 0.000000 1.000000 6 6 6 1 262176 1.000000 1.000000
319 320 37 0.000000 1.000000 6 6 6 1 262176 1.000000 1.000000
320 321 37 0.000000 1.000000 6 6 6 1 262176 1.000000 1.000000
321 318 37 0.000000 1.000000 6 6 6 1 262176 1.000000 1.000000
322 323 38 0.000000 1.000000 6 6 6 1 262176 1.000000 1.000000
323 324 38 0.000000 1.000000 6 6 6 1 262176 1.000000 1.000000
324 325 38 0.000000 1.000000 6 6 6 1 262176 1.000000 1.000000
325 322 38 0.000000 1.000000 6 6 6 1 262176 1.000000 1.000000
326 327 39 0.000000 1.000000 6 6 6 1 262176 1.000000 1.000000
327 328 39 0.000000 1.000000 6 6 6 1 262176 1.000000 1.000000
328 329 39 0.000000 1.000000 6 6 6 1 262176 1.000000 1.000000
329 326 39 0.000000 1.000000 6 6 6 1 262176 1.000000 1.000000
370 368 47 0.000000 1.000000 11 11 11 65 11 1.000000 1.000000
369 368 -1 0.000000 0.000000 0 1 0 20 0 1.000000 1.000000
369 371 47 0.000000 1.000000 11 11 11 65 11 1.000000 1.000000
370 371 -1 0.000000 0.000000 6 6 6 0 0 1.000000 1.000000
393 394 55 0.000000 1.000000 1 16 1 69 5 1.000000 1.000000
394 395 55 0.000000 1.000000 1 16 1 69 5 1.000000 1.000000
395 396 55 0.000000 1.000000 1 16 1 69 5 1.000000 1.000000
396 393 55 0.000000 1.000000 1 16 1 69 5 1.000000 1.000000
397 398 56 0.000000 1.000000 1 16 1 69 7 1.000000 1.000000
398 399 56 0.000000 1.000000 1 16 1 69 5 1.000000 1.000000
399 400 56 0.000000 1.000000 1 16 1 69 5 1.000000 1.000000
400 397 56 0.000000 1.000000 1 16 1 69 5 1.000000 1.000000
401 402 57 0.000000 1.000000 1 16 1 69 5 1.000000 1.000000
402 403 57 0.000000 1.000000 1 16 1 69 5 1.000000 1.000000
403 404 57 0.000000 1.000000 1 16 1 69 5 1.000000 1.000000
404 401 57 0.000000 1.000000 1 16 1 69 5 1.000000 1.000000
405 406 58 0.000000 1.000000 1 16 1 69 5 1.000000 1.000000
406 407 58 0.000000 1.000000 1 16 1 69 5 1.000000 1.000000
407 408 58 0.000000 1.000000 1 16 1 69 5 1.000000 1.000000
408 405 58 0.000000 1.000000 1 16 1 69 5 1.000000 1.000000
443 496 66 0.000000 1.000000 1 1 1 1 0 1.000000 1.000000
496 46 66 0.000000 1.000000 1 1 1 1 0 1.000000 1.000000
46 137 66 0.000000 1.000000 1 1 1 1 0 1.000000 1.000000
137 45 66 0.000000 1.000000 6 6 6 5 0 1.000000 1.000000
45 444 66 0.000000 1.000000 1 1 1 1 0 1.000000 1.000000
444 443 66 0.000000 1.000000 1 1 1 1 0 1.000000 1.000000
454 455 68 0.100000 0.900000 12 12 12 11 0 1.000000 1.000000
455 456 68 0.100000 0.900000 12 12 12 11 0 1.000000 1.000000
456 457 68 0.100000 0.900000 12 12 12 11 0 1.000000 1.000000
457 454 68 0.100000 0.900000 12 12 12 11 0 1.000000 1.000000
476 477 -1 0.000000 0.000000 1 10 1 84 15 1.000000 1.000000
477 478 -1 0.000000 0.000000 0 10 0 84 0 1.000000 1.000000
478 479 -1 0.000000 0.000000 1 10 1 84 15 1.000000 1.000000
479 476 -1 0.000000 0.000000 1 10 1 84 15 1.000000 1.000000
477 476 -1 0.000000 0.000000 1 10 1 84 6291456 1.000000 1.000000
478 477 -1 0.000000 0.000000 0 10 0 84 0 1.000000 1.000000
479 478 -1 0.000000 0.000000 1 10 1 84 6291456 1.000000 1.000000
476 479 -1 0.000000 0.000000 1 10 1 84 6291456 1.000000 1.000000
507 508 76 0.000000 1.000000 1 1 1 1 0 1.000000 1.000000
508 509 76 0.000000 1.000000 1 1 1 1 0 1.000000 1.000000
509 510 76 0.000000 1.000000 1 1 1 1 0 1.000000 1.000000
510 507 76 0.000000 1.000000 1 1 1 1 0 1.000000 1.000000
511 514 77 0.000000 1.000000 1 1 1 1 0 1.000000 1.000000
514 513 77 0.000000 1.000000 1 1 1 1 0 1.000000 1.000000
513 512 77 0.000000 1.000000 1 1 1 1 0 1.000000 1.000000
512 511 77 0.000000 1.000000 1 1 1 1 0 1.000000 1.000000
551 552 83 0.000000 1.000000 1 255 1 1 0 1.000000 1.000000
552 553 83 0.000000 1.000000 1 255 1 1 0 1.000000 1.000000
553 554 83 0.000000 1.000000 1 255 1 1 0 1.000000 1.000000
554 551 83 0.000000 1.000000 1 255 1 1 0 1.000000 1.000000
555 558 84 0.000000 1.000000 255 255 255 5 0 1.000000 1.000000
558 557 84 0.000000 1.000000 255 255 255 5 0 1.000000 1.000000
557 556 84 0.000000 1.000000 255 255 255 5 0 1.000000 1.000000
556 555 84 0.000000 1.000000 255 255 255 5 0 1.000000 1.000000
559 562 85 0.000000 1.000000 255 255 255 5 0 1.000000 1.000000
562 561 85 0.000000 1.000000 255 255 255 5 0 1.000000 1.000000
561 560 85 0.000000 1.000000 255 255 255 5 0 1.000000 1.000000
560 559 85 0.000000 1.000000 255 255 255 5 0 1.000000 1.000000
563 566 86 0.000000 1.000000 255 255 255 5 0 1.000000 1.000000
566 565 86 0.000000 1.000000 255 255 255 5 0 1.000000 1.000000
565 564 86 0.000000 1.000000 255 255 255 5 0 1.000000 1.000000
564 563 86 0.000000 1.000000 255 255 255 5 0 1.000000 1.000000
567 570 87 0.000000 1.000000 255 255 255 5 0 1.000000 1.000000
570 569 87 0.000000 1.000000 255 255 255 5 0 1.000000 1.000000
569 568 87 0.000000 1.000000 255 255 255 5 0 1.000000 1.000000
568 567 87 0.000000 1.000000 255 255 255 5 0 1.000000 1.000000
571 574 88 0.000000 1.000000 255 255 255 5 0 1.000000 1.000000
574 573 88 0.000000 1.000000 255 255 255 5 0 1.000000 1.000000
573 572 88 0.000000 1.000000 255 255 255 5 0 1.000000 1.000000
572 571 88 0.000000 1.000000 255 255 255 5 0 1.000000 1.000000
575 578 89 0.000000 1.000000 255 255 255 5 0 1.000000 1.000000
578 218 89 0.000000 1.000000 255 255 255 5 0 1.000000 1.000000
218 590 89 0.000000 1.000000 255 255 255 5 0 1.000000 1.000000
590 591 89 0.000000 1.000000 255 255 255 5 0 1.000000 1.000000
591 577 89 0.000000 1.000000 255 255 255 5 0 1.000000 1.000000
577 576 89 0.000000 1.000000 255 255 255 5 0 1.000000 1.000000
576 575 89 0.000000 1.000000 255 255 255 5 0 1.000000 1.000000
600 601 92 0.300000 0.700000 1 255 6 75 0 1.000000 1.000000
601 602 92 0.300000 0.700000 1 255 6 75 0 1.000000 1.000000
602 603 92 0.300000 0.700000 1 16 6 207 16777221 1.000000 1.000000
603 600 92 0.300000 0.700000 1 255 6 75 0 1.000000 1.000000
649 650 101 0.000000 1.000000 1 255 1 1 0 1.000000 1.000000
650 651 101 0.000000 1.000000 1 255 1 1 0 1.000000 1.000000
651 652 101 0.000000 1.000000 1 255 1 1 0 1.000000 1.000000
652 649 101 0.000000 1.000000 1 255 1 1 0 1.000000 1.000000
342 343 -1 0.000000 0.000000 7 7 7 20 0 0.500000 0.500000
343 338 -1 0.000000 0.000000 7 7 7 20 0 0.500000 0.500000
338 56 -1 0.000000 0.000000 7 7 7 20 0 0.500000 0.500000
56 63 -1 0.000000 0.000000 7 7 7 20 0 0.500000 0.500000
63 57 7 0.000000 1.000000 7 7 7 1 0 0.500000 0.500000
57 58 -1 0.000000 0.000000 7 7 7 20 0 0.500000 0.500000
58 42 -1 0.000000 0.000000 7 7 7 20 0 0.500000 0.500000
42 50 4 0.000000 1.000000 7 7 7 1 0 1.000000 1.000000
50 337 -1 0.000000 0.000000 7 7 7 20 0 0.500000 0.500000
337 354 -1 0.000000 0.000000 7 7 7 20 0 0.500000 0.500000
354 353 45 0.400000 0.600000 7 7 7 11 0 0.500000 0.500000
353 345 -1 0.000000 0.000000 7 7 7 20 0 0.500000 0.500000
345 347 -1 0.000000 0.000000 7 7 7 20 0 0.500000 0.500000
347 342 42 0.000000 1.000000 11 11 11 1 11 1.000000 1.000000
357 358 46 0.000000 0.999999 1 1 1 3 0 1.000000 1.000000
358 359 46 0.000000 0.999999 1 1 1 3 0 1.000000 1.000000
359 360 46 0.000000 0.999999 1 1 1 3 0 1.000000 1.000000
360 357 46 0.000000 0.999999 1 1 1 3 0 1.000000 1.000000
60 612 4 0.000000 1.000000 7 7 7 1 0 1.000000 1.000000
612 59 4 0.000000 1.000000 7 7 7 1 0 1.000000 1.000000
59 550 -1 0.000000 0.000000 7 7 7 20 0 0.500000 0.500000
550 592 -1 0.000000 0.000000 7 7 7 20 0 0.500000 0.500000
592 593 90 0.300000 0.700000 7 255 7 11 0 0.500000 0.500000
593 549 -1 0.000000 0.000000 7 7 7 20 0 0.500000 0.500000
549 548 -1 0.000000 0.000000 7 7 7 20 0 0.500000 0.500000
548 547 -1 0.000000 0.000000 7 7 7 20 0 0.500000 0.500000
547 61 -1 0.000000 0.000000 7 7 7 20 0 0.500000 0.500000
61 77 -1 0.000000 0.000000 7 7 7 20 0 0.500000 0.500000
77 78 -1 0.000000 0.000000 7 7 7 20 0 0.500000 0.500000
78 79 -1 0.000000 0.000000 7 7 7 20 0 0.500000 0.500000
79 76 -1 0.000000 0.000000 7 7 7 20 0 0.500000 0.500000
76 62 -1 0.000000 0.000000 7 7 7 20 0 0.500000 0.500000
62 546 -1 0.000000 0.000000 7 7 7 20 0 0.500000 0.500000
546 545 -1 0.000000 0.000000 7 7 7 20 0 0.500000 0.500000
545 544 -1 0.000000 0.000000 7 7 7 20 0 0.500000 0.500000
544 597 -1 0.000000 0.000000 7 7 7 20 0 0.500000 0.500000
597 596 91 0.300000 0.700000 7 16 7 79 16777221 0.500000 0.500000
596 543 -1 0.000000 0.000000 7 7 7 20 0 0.500000 0.500000
543 60 -1 0.000000 0.000000 7 7 7 20 0 0.500000 0.500000
265 266 31 0.000000 1.000000 6 6 6 1 262181 1.000000 1.000000
266 267 31 0.000000 1.000000 6 6 6 1 262181 1.000000 1.000000
267 268 31 0.000000 1.000000 6 6 6 1 262181 1.000000 1.000000
268 269 31 0.000000 1.000000 9 9 9 1 7 1.000000 1.000000
269 270 31 0.000000 1.000000 6 6 6 1 262181 1.000000 1.000000
270 271 31 0.000000 1.000000 6 6 6 1 262181 1.000000 1.000000
271 272 31 0.000000 1.000000 6 6 6 1 262181 1.000000 1.000000
272 273 31 0.000000 1.000000 6 6 6 1 262181 1.000000 1.000000
273 274 31 0.000000 1.000000 6 6 6 1 262181 1.000000 1.000000
274 275 31 0.000000 1.000000 1 1 1 1 4 1.000000 1.000000
275 276 31 0.000000 1.000000 6 6 6 1 262181 1.000000 1.000000
276 277 31 0.000000 1.000000 6 6 6 1 262181 1.000000 1.000000
277 278 31 0.000000 1.000000 6 6 6 1 262181 1.000000 1.000000
278 279 31 0.000000 1.000000 6 6 6 1 262181 1.000000 1.000000
279 280 31 0.000000 1.000000 6 6 6 1 262181 1.000000 1.000000
280 281 31 0.000000 1.000000 1 1 1 1 4 1.000000 1.000000
281 282 31 0.000000 1.000000 6 6 6 1 262181 1.000000 1.000000
282 283 31 0.000000 1.000000 6 6 6 1 262181 1.000000 1.000000
283 284 31 0.000000 1.000000 6 6 6 1 262181 1.000000 1.000000
284 285 31 0.000000 1.000000 6 6 6 65 262181 1.000000 1.000000
285 286 31 0.000000 1.000000 6 6 6 1 262181 1.000000 1.000000
286 287 31 0.000000 1.000000 1 1 1 1 4 1.000000 1.000000
287 288 31 0.000000 1.000000 6 6 6 1 262181 1.000000 1.000000
288 265 31 0.000000 1.000000 6 6 6 1 262181 1.000000 1.000000
545 548 82 0.000000 1.000000 11 15 11 197 16777227 1.000000 1.000000
549 548 -1 0.000000 0.000000 1 7 1 0 0 0.500000 0.500000
549 544 82 0.000000 1.000000 11 15 11 197 16777227 1.000000 1.000000
545 544 -1 0.000000 0.000000 1 1 1 0 0 1.000000 1.000000
653 654 102 0.000000 0.900000 1 255 1 7 0 0.400000 0.400000
654 655 102 0.000000 0.900000 1 255 1 7 0 0.400000 0.400000
655 656 102 0.000000 0.900000 1 255 1 7 0 0.400000 0.400000
656 653 102 0.000000 0.900000 1 255 1 7 0 0.400000 0.400000
69 69 -1 0.000000 0.000000 7 7 7 20 0 0.500000 0.500000
69 65 -1 0.000000 0.000000 7 7 7 20 0 0.500000 0.500000
65 72 -1 0.000000 0.000000 7 7 7 20 0 0.500000 0.500000
72 66 -1 0.000000 0.000000 7 7 7 20 0 0.500000 0.500000
66 57 -1 0.000000 0.000000 7 7 7 20 0 0.500000 0.500000
57 63 5 0.000000 1.000000 7 7 7 1 0 1.000000 1.000000
63 64 -1 0.000000 0.000000 7 7 7 20 0 0.500000 0.500000
64 68 -1 0.000000 0.000000 7 7 7 20 0 0.500000 0.500000
68 67 -1 0.000000 0.000000 7 7 7 20 0 0.500000 0.500000
67 70 -1 0.000000 0.000000 7 7 7 20 0 0.500000 0.500000
70 71 -1 0.000000 0.000000 7 7 7 20 0 0.500000 0.500000
71 248 -1 0.000000 0.000000 7 7 7 20 0 0.500000 0.500000
248 249 -1 0.000000 0.000000 7 7 7 20 0 0.500000 0.500000
249 250 28 0.000000 1.000000 7 7 7 1 8 0.500000 0.500000
250 247 -1 0.000000 0.000000 7 7 7 20 0 0.500000 0.500000
247 69 -1 0.000000 0.000000 7 7 7 20 0 0.500000 0.500000
73 80 -1 0.000000 0.000000 7 7 7 20 0 0.500000 0.500000
80 80 -1 0.000000 0.000000 7 7 7 20 0 0.500000 0.500000
80 80 -1 0.000000 0.000000 7 7 7 20 0 0.500000 0.500000
80 89 -1 0.000000 0.000000 7 7 7 20 0 0.500000 0.500000
89 88 33 0.000000 1.000000 7 7 7 1 0 0.500000 0.500000
88 74 -1 0.000000 0.000000 7 7 7 20 0 0.500000 0.500000
74 75 -1 0.000000 0.000000 7 7 7 20 0 0.500000 0.500000
75 81 -1 0.000000 0.000000 7 7 7 20 0 0.500000 0.500000
81 251 -1 0.000000 0.000000 7 7 7 20 0 0.500000 0.500000
251 252 -1 0.000000 0.000000 7 7 7 20 0 0.500000 0.500000
252 253 28 0.000000 1.000000 7 7 7 1 8 0.500000 0.500000
253 73 -1 0.000000 0.000000 7 7 7 20 0 0.500000 0.500000
82 190 -1 0.000000 0.000000 7 6 7 20 262176 0.500000 0.500000
190 196 -1 0.000000 0.000000 7 6 7 20 262176 0.500000 0.500000
196 194 -1 0.000000 0.000000 7 7 7 20 0 0.500000 0.500000
194 195 -1 0.000000 0.000000 7 7 7 20 0 0.500000 0.500000
195 206 -1 0.000000 0.000000 7 7 7 20 0 0.500000 0.500000
206 204 -1 0.000000 0.000000 7 6 7 20 262176 0.500000 0.500000
204 205 -1 0.000000 0.000000 7 6 7 20 262176 0.500000 0.500000
205 207 -1 0.000000 0.000000 7 6 7 20 262176 0.500000 0.500000
207 193 -1 0.000000 0.000000 7 7 7 20 0 0.500000 0.500000
193 192 -1 0.000000 0.000000 7 7 7 20 0 0.500000 0.500000
192 203 -1 0.000000 0.000000 7 7 7 20 0 0.500000 0.500000
203 83 -1 0.000000 0.000000 7 6 7 20 262176 0.500000 0.500000
83 189 -1 0.000000 0.000000 7 6 7 20 262176 0.500000 0.500000
189 202 -1 0.000000 0.000000 7 6 7 20 262176 0.500000 0.500000
202 188 -1 0.000000 0.000000 7 7 7 20 0 0.500000 0.500000
188 187 -1 0.000000 0.000000 7 7 7 20 0 0.500000 0.500000
187 186 -1 0.000000 0.000000 7 7 7 20 0 0.500000 0.500000
186 201 -1 0.000000 0.000000 7 7 7 20 0 0.500000 0.500000
201 185 -1 0.000000 0.000000 7 7 7 20 0 0.500000 0.500000
185 84 -1 0.000000 0.000000 7 6 7 20 262176 0.500000 0.500000
84 184 -1 0.000000 0.000000 7 6 7 20 262176 0.500000 0.500000
184 200 -1 0.000000 0.000000 7 6 7 20 262176 0.500000 0.500000
200 183 -1 0.000000 0.000000 7 7 7 20 0 0.500000 0.500000
183 181 -1 0.000000 0.000000 7 7 7 20 0 0.500000 0.500000
181 180 -1 0.000000 0.000000 7 7 7 20 0 0.500000 0.500000
180 182 -1 0.000000 0.000000 7 7 7 20 0 0.500000 0.500000
182 208 -1 0.000000 0.000000 7 7 7 20 0 0.500000 0.500000
208 210 -1 0.000000 0.000000 7 6 7 20 262176 0.500000 0.500000
210 211 -1 0.000000 0.000000 7 6 7 20 262176 0.500000 0.500000
211 209 -1 0.000000 0.000000 7 6 7 20 262176 0.500000 0.500000
209 178 -1 0.000000 0.000000 7 7 7 20 0 0.500000 0.500000
178 176 -1 0.000000 0.000000 7 7 7 20 0 0.500000 0.500000
176 177 -1 0.000000 0.000000 7 9 7 20 15 1.000000 1.000000
177 179 -1 0.000000 0.000000 7 7 7 20 0 0.500000 0.500000
179 198 -1 0.000000 0.000000 7 7 7 20 0 0.500000 0.500000
198 191 -1 0.000000 0.000000 7 6 7 20 262176 0.500000 0.500000
191 85 -1 0.000000 0.000000 7 6 7 20 262176 0.500000 0.500000
85 199 -1 0.000000 0.000000 7 6 7 20 262176 0.500000 0.500000
199 199 -1 0.000000 0.000000 7 7 7 20 0 0.500000 0.500000
199 199 -1 0.000000 0.000000 0 7 0 20 0 0.500000 0.500000
199 197 -1 0.000000 0.000000 7 7 7 20 0 0.500000 0.500000
197 82 -1 0.000000 0.000000 7 6 7 20 262176 0.500000 0.500000
261 262 30 0.000000 1.000000 1 1 1 1 0 1.000000 1.000000
262 263 30 0.000000 1.000000 1 16 1 69 0 1.000000 1.000000
263 264 30 0.000000 1.000000 1 1 1 1 0 1.000000 1.000000
264 261 30 0.000000 1.000000 1 16 1 69 0 1.000000 1.000000
629 630 97 0.000000 1.000000 1 255 1 1 0 1.000000 1.000000
630 631 97 0.000000 1.000000 1 255 1 1 0 1.000000 1.000000
631 632 97 0.000000 1.000000 1 255 1 1 0 1.000000 1.000000
632 629 97 0.000000 1.000000 1 255 1 1 0 1.000000 1.000000
633 636 98 0.000000 1.000000 255 255 255 5 0 1.000000 1.000000
636 635 98 0.000000 1.000000 255 255 255 5 0 1.000000 1.000000
635 634 98 0.000000 1.000000 255 255 255 5 0 1.000000 1.000000
634 633 98 0.000000 1.000000 255 255 255 5 0 1.000000 1.000000
637 638 99 0.000000 0.900000 6 255 1 3 0 1.000000 1.000000
638 639 99 0.000000 0.900000 1 255 1 3 0 1.000000 1.000000
639 640 99 0.000000 0.900000 6 255 1 3 0 1.000000 1.000000
640 637 99 0.000000 0.900000 1 255 1 3 0 1.000000 1.000000
641 637 -1 0.000000 0.000000 1 6 1 20 262176 1.000000 1.000000
637 640 -1 0.000000 0.000000 1 6 1 20 262176 1.000000 1.000000
640 642 -1 0.000000 0.000000 1 6 1 20 262176 1.000000 1.000000
642 641 -1 0.000000 0.000000 1 6 1 20 262176 1.000000 1.000000
643 644 -1 0.000000 0.000000 1 6 1 20 262176 1.000000 1.000000
644 645 -1 0.000000 0.000000 1 6 1 20 262176 1.000000 1.000000
645 646 -1 0.000000 0.000000 1 6 1 20 262176 1.000000 1.000000
646 643 -1 0.000000 0.000000 1 6 1 20 262176 1.000000 1.000000
638 647 -1 0.000000 0.000000 1 6 1 20 262176 1.000000 1.000000
647 648 -1 0.000000 0.000000 1 6 1 20 262176 1.000000 1.000000
648 639 -1 0.000000 0.000000 1 6 1 20 262176 1.000000 1.000000
639 638 -1 0.000000 0.000000 1 6 1 20 262176 1.000000 1.000000
647 643 100 0.000000 0.900000 6 255 1 3 0 1.000000 1.000000
643 646 100 0.000000 0.900000 1 255 1 3 0 1.000000 1.000000
646 648 100 0.000000 0.900000 6 255 1 3 0 1.000000 1.000000
648 647 100 0.000000 0.900000 1 255 1 3 0 1.000000 1.000000
302 294 -1 0.000000 0.000000 7 7 7 20 0 0.500000 0.500000
294 290 -1 0.000000 0.000000 7 7 7 20 0 0.500000 0.500000
290 292 32 0.000000 1.000000 11 11 11 1 11 1.000000 1.000000
292 295 -1 0.000000 0.000000 7 7 7 20 0 0.500000 0.500000
295 378 -1 0.000000 0.000000 7 7 7 20 0 0.500000 0.500000
378 299 50 0.400000 0.500000 7 7 7 11 0 0.500000 0.500000
299 87 -1 0.000000 0.000000 7 7 7 20 0 0.500000 0.500000
87 51 -1 0.000000 0.000000 7 7 7 20 0 0.500000 0.500000
51 47 43 0.000000 1.000000 7 7 7 1 0 1.000000 1.000000
47 86 -1 0.000000 0.000000 7 7 7 20 0 0.500000 0.500000
86 90 10 0.000000 1.000000 7 7 7 1 0 0.500000 0.500000
90 298 -1 0.000000 0.000000 7 7 7 20 0 0.500000 0.500000
298 301 -1 0.000000 0.000000 7 7 7 20 0 0.500000 0.500000
301 302 34 0.400000 0.500000 7 7 7 11 0 0.500000 0.500000
92 91 -1 0.000000 0.000000 7 7 7 20 6291456 0.500000 0.500000
91 90 -1 0.000000 0.000000 7 7 7 20 0 0.500000 0.500000
90 86 9 0.000000 1.000000 7 7 7 1 0 1.000000 1.000000
86 430 -1 0.000000 0.000000 7 7 7 20 0 0.500000 0.500000
430 429 -1 0.000000 0.000000 7 7 7 20 6291456 0.500000 0.500000
429 500 -1 0.000000 0.000000 7 7 7 20 0 0.500000 0.500000
500 504 -1 0.000000 0.000000 7 7 7 20 0 0.500000 0.500000
504 503 -1 0.000000 0.000000 7 7 7 20 0 0.500000 0.500000
503 502 -1 0.000000 0.000000 7 7 7 20 0 0.500000 0.500000
502 501 -1 0.000000 0.000000 7 7 7 20 0 0.500000 0.500000
501 498 -1 0.000000 0.000000 7 7 7 20 0 0.500000 0.500000
498 425 -1 0.000000 0.000000 7 5 7 20 6291456 0.500000 0.500000
425 425 63 0.000000 1.000000 1 1 1 1 0 1.000000 1.000000
425 497 -1 0.000000 0.000000 7 5 7 20 6291456 0.500000 0.500000
497 426 -1 0.000000 0.000000 7 7 7 20 6291456 0.500000 0.500000
426 499 -1 0.000000 0.000000 7 7 7 20 0 0.500000 0.500000
499 494 -1 0.000000 0.000000 7 7 7 20 0 0.500000 0.500000
494 495 -1 0.000000 0.000000 7 7 7 20 0 0.500000 0.500000
495 93 -1 0.000000 0.000000 7 7 7 20 0 0.500000 0.500000
93 95 11 0.000000 1.000000 7 7 7 1 0 0.500000 0.500000
95 428 -1 0.000000 0.000000 7 7 7 20 0 0.500000 0.500000
428 74 -1 0.000000 0.000000 7 7 7 20 6291456 0.500000 0.500000
74 431 -1 0.000000 0.000000 7 7 7 20 6291456 0.500000 0.500000
431 427 -1 0.000000 0.000000 7 7 7 20 0 0.500000 0.500000
427 92 62 0.000000 1.000000 1 1 1 1 0 1.000000 1.000000
428 425 63 0.000000 1.000000 1 1 1 1 0 1.000000 1.000000
425 425 -1 0.000000 0.000000 1 1 1 20 0 1.000000 1.000000
425 429 63 0.000000 1.000000 1 1 1 1 0 1.000000 1.000000
430 429 -1 0.000000 0.000000 1 7 1 0 6291456 0.500000 0.500000
430 91 63 0.000000 1.000000 1 1 1 1 0 1.000000 1.000000
91 91 63 0.000000 1.000000 1 1 1 1 0 1.000000 1.000000
92 91 -1 0.000000 0.000000 1 1 1 0 0 1.000000 1.000000
92 431 63 0.000000 1.000000 1 1 1 1 0 1.000000 1.000000
74 431 -1 0.000000 0.000000 1 1 1 0 0 1.000000 1.000000
428 74 -1 0.000000 0.000000 1 1 1 0 0 1.000000 1.000000
95 93 10 0.000000 1.000000 7 7 7 1 0 1.000000 1.000000
93 172 -1 0.000000 0.000000 7 7 7 20 0 0.500000 0.500000
172 480 -1 0.000000 0.000000 7 7 7 20 5242880 0.500000 0.500000
480 175 -1 0.000000 0.000000 7 7 7 20 0 0.500000 0.500000
175 109 -1 0.000000 0.000000 7 7 7 20 0 0.500000 0.500000
109 108 12 0.000000 1.000000 7 7 7 1 0 0.500000 0.500000
108 174 -1 0.000000 0.000000 7 7 7 20 0 0.500000 0.500000
174 98 -1 0.000000 0.000000 7 7 7 20 0 0.500000 0.500000
98 99 -1 0.000000 0.000000 7 7 7 20 0 0.500000 0.500000
99 102 -1 0.000000 0.000000 7 7 7 20 0 0.500000 0.500000
102 107 -1 0.000000 0.000000 7 7 7 20 0 0.500000 0.500000
107 106 -1 0.000000 0.000000 7 7 7 20 0 0.500000 0.500000
106 104 -1 0.000000 0.000000 7 7 7 20 0 0.500000 0.500000
104 105 -1 0.000000 0.000000 7 7 7 20 0 0.500000 0.500000
105 101 -1 0.000000 0.000000 7 7 7 20 0 0.500000 0.500000
101 103 -1 0.000000 0.000000 7 7 7 20 0 0.500000 0.500000
103 100 -1 0.000000 0.000000 7 7 7 20 0 0.500000 0.500000
100 96 -1 0.000000 0.000000 7 7 7 20 0 0.500000 0.500000
96 143 -1 0.000000 0.000000 7 7 7 20 0 0.500000 0.500000
143 146 -1 0.000000 0.000000 7 6 7 20 262176 0.500000 0.500000
146 145 -1 0.000000 0.000000 7 6 7 20 262176 0.500000 0.500000
145 156 -1 0.000000 0.000000 7 6 7 20 262176 0.500000 0.500000
156 139 -1 0.000000 0.000000 7 6 7 20 4456480 0.500000 0.500000
139 140 21 0.235000 0.729999 7 7 7 11 4 0.500000 0.500000
140 155 -1 0.000000 0.000000 7 6 7 20 4456480 0.500000 0.500000
155 147 -1 0.000000 0.000000 7 6 7 20 262176 0.500000 0.500000
147 148 -1 0.000000 0.000000 7 6 7 20 262176 0.500000 0.500000
148 144 -1 0.000000 0.000000 7 6 7 20 262176 0.500000 0.500000
144 97 -1 0.000000 0.000000 7 7 7 20 0 0.500000 0.500000
97 483 -1 0.000000 0.000000 7 7 7 20 0 0.500000 0.500000
483 173 -1 0.000000 0.000000 7 7 7 20 6291456 0.500000 0.500000
173 95 -1 0.000000 0.000000 7 7 7 20 0 0.500000 0.500000
149 150 22 0.200000 1.000000 1 1 1 9 0 1.000000 1.000000
150 151 22 0.200000 1.000000 6 6 6 9 0 1.000000 1.000000
151 152 22 0.200000 1.000000 6 6 6 9 0 1.000000 1.000000
152 149 22 0.200000 1.000000 6 6 6 9 0 1.000000 1.000000
100 103 -1 0.000000 0.000000 1 1 1 20 0 1.000000 1.000000
103 101 -1 0.000000 0.000000 1 1 1 20 0 1.000000 1.000000
101 105 -1 0.000000 0.000000 1 1 1 20 0 1.000000 1.000000
105 100 -1 0.000000 0.000000 1 15 1 84 15 0.407000 1.000000
481 480 71 0.300000 0.700000 1 1 1 11 0 1.000000 1.000000
172 480 -1 0.000000 0.000000 1 1 1 10 0 1.000000 1.000000
172 482 71 0.300000 0.700000 1 1 1 11 0 1.000000 1.000000
482 481 71 0.300000 0.700000 1 1 1 11 0 1.000000 1.000000
483 484 72 0.000000 1.000000 1 1 1 1 0 1.000000 1.000000
484 485 72 0.000000 1.000000 1 1 1 1 0 1.000000 1.000000
485 173 72 0.000000 1.000000 1 1 1 1 0 1.000000 1.000000
483 173 -1 0.000000 0.000000 1 7 1 0 6291456 0.500000 0.500000
109 110 -1 0.000000 0.000000 7 7 7 20 4 0.500000 0.500000
110 111 13 -0.200000 1.000000 7 7 7 1 0 1.000000 1.000000
111 108 -1 0.000000 0.000000 7 7 7 20 4 0.500000 0.500000
108 109 11 0.000000 1.000000 7 7 7 9 0 1.000000 1.000000
110 112 -1 0.000000 0.000000 7 7 7 20 4 0.500000 0.500000
112 113 14 -0.400000 1.000000 7 7 7 1 0 1.000000 1.000000
113 111 -1 0.000000 0.000000 7 7 7 20 4 0.500000 0.500000
111 110 12 -0.200000 1.000000 6 6 6 9 0 1.000000 1.000000
112 114 -1 0.000000 0.000000 7 7 7 20 4 0.500000 0.500000
114 115 15 -0.600000 1.000000 7 7 7 1 0 1.000000 1.000000
115 113 -1 0.000000 0.000000 7 7 7 20 4 0.500000 0.500000
113 112 13 -0.400000 1.000000 6 6 6 9 0 1.000000 1.000000
114 116 -1 0.000000 0.000000 7 7 7 20 4 0.500000 0.500000
116 117 16 -0.800000 1.000000 7 7 7 1 0 1.000000 1.000000
117 115 -1 0.000000 0.000000 7 7 7 20 4 0.500000 0.500000
115 114 14 -0.600000 1.000000 6 6 6 9 0 1.000000 1.000000
116 118 -1 0.000000 0.000000 7 7 7 20 4 0.500000 0.500000
118 119 17 -1.000000 0.500000 7 7 7 3 4 0.500000 0.500000
119 117 -1 0.000000 0.000000 7 7 7 20 4 0.500000 0.500000
117 116 15 -0.800000 1.000000 6 6 6 9 0 1.000000 1.000000
118 120 -1 0.000000 0.000000 7 7 7 20 8 0.500000 0.500000
120 121 18 -1.200000 -0.200000 7 7 7 3 4 0.500000 0.500000
121 119 -1 0.000000 0.000000 7 7 7 20 8 0.500000 0.500000
119 118 16 -1.000000 0.500000 6 6 6 9 0 1.000000 1.000000
120 122 -1 0.000000 0.000000 7 7 7 20 0 0.500000 0.500000
122 101 -1 0.000000 0.000000 7 7 7 20 0 0.500000 0.500000
101 121 -1 0.000000 0.000000 7 7 7 20 0 0.500000 0.500000
121 120 17 -1.200000 -0.200000 7 7 7 1 0 0.500000 0.500000
129 131 -1 0.000000 0.000000 7 6 7 20 262176 1.000000 1.000000
131 127 -1 0.000000 0.000000 7 7 7 20 2097160 0.500000 0.500000
127 123 -1 0.000000 0.000000 7 7 7 20 2097160 0.500000 0.500000
123 124 -1 0.000000 0.000000 7 7 7 20 2097160 0.500000 0.500000
124 125 -1 0.000000 0.000000 7 7 7 20 2097160 0.500000 0.500000
125 126 -1 0.000000 0.000000 7 7 7 20 2097160 0.500000 0.500000
126 128 -1 0.000000 0.000000 7 7 7 20 2097160 0.500000 0.500000
128 132 -1 0.000000 0.000000 7 7 7 20 2097160 0.500000 0.500000
132 130 -1 0.000000 0.000000 7 6 7 20 262176 1.000000 1.000000
130 129 20 -0.600000 0.300000 6 16 6 71 1 2.000000 1.000000
130 1 -1 0.000000 0.000000 7 6 7 20 262176 1.000000 1.000000
1 0 0 -0.600000 0.300000 6 6 6 1 0 1.000000 1.000000
0 129 -1 0.000000 0.000000 7 6 7 20 262176 1.000000 1.000000
129 130 19 -0.600000 0.300000 6 16 6 69 16777217 2.000000 1.000000
140 139 11 0.235000 0.729999 1 1 1 1 0 1.000000 1.000000
139 154 -1 0.000000 0.000000 7 6 7 20 6553632 0.500000 0.500000
154 141 -1 0.000000 0.000000 7 1 7 20 6291464 0.500000 0.500000
141 142 -1 0.000000 0.000000 7 1 7 20 6291464 0.500000 0.500000
142 153 -1 0.000000 0.000000 7 1 7 20 6291464 0.500000 0.500000
153 140 -1 0.000000 0.000000 7 6 7 20 6553632 0.500000 0.500000
157 158 23 0.335000 0.729999 6 6 6 9 6553632 1.000000 1.000000
158 159 23 0.335000 0.729999 6 6 6 9 6553632 1.000000 1.000000
159 160 23 0.335000 0.729999 6 6 6 9 6553632 1.000000 1.000000
160 157 23 0.335000 0.729999 6 6 6 9 6553632 1.000000 1.000000
161 162 24 0.335000 0.729999 6 6 6 9 6553632 1.000000 1.000000
162 163 24 0.335000 0.729999 6 6 6 9 262176 1.000000 1.000000
163 164 24 0.335000 0.729999 6 6 6 9 6553632 1.000000 1.000000
164 161 24 0.335000 0.729999 6 6 6 9 6553632 1.000000 1.000000
149 152 11 0.200000 1.000000 1 1 1 1 0 1.000000 1.000000
152 151 11 0.200000 1.000000 1 1 1 1 0 1.000000 1.000000
151 150 11 0.200000 1.000000 1 1 1 1 0 1.000000 1.000000
150 149 11 0.200000 1.000000 1 1 1 1 0 1.000000 1.000000
157 160 21 0.335000 0.729999 1 1 1 3 0 1.000000 1.000000
160 159 21 0.335000 0.729999 1 1 1 3 0 1.000000 1.000000
159 158 21 0.335000 0.729999 1 1 1 3 0 1.000000 1.000000
158 157 21 0.335000 0.729999 1 1 1 3 0 1.000000 1.000000
161 164 21 0.335000 0.729999 1 1 1 3 0 1.000000 1.000000
164 163 21 0.335000 0.729999 1 1 1 3 0 1.000000 1.000000
163 162 21 0.335000 0.729999 1 1 1 3 6291456 1.000000 1.000000
162 161 21 0.335000 0.729999 1 1 1 3 0 1.000000 1.000000
8 170 1 -0.600000 0.400000 1 1 1 1 0 1.000000 1.000000
170 169 1 -0.600000 0.400000 1 1 1 1 0 1.000000 1.000000
169 168 1 -0.600000 0.400000 1 1 1 1 0 1.000000 1.000000
168 166 1 -0.600000 0.400000 1 1 1 1 0 1.000000 1.000000
166 8 1 -0.600000 0.400000 1 1 1 1 0 1.000000 1.000000
216 212 -1 0.000000 0.000000 1 6 1 20 4194304 1.000000 1.000000
212 213 -1 0.000000 0.000000 1 6 1 20 4194304 1.000000 1.000000
213 217 -1 0.000000 0.000000 1 6 1 20 4194304 1.000000 1.000000
217 216 27 0.300000 0.700000 1 1 1 9 0 1.000000 1.000000
217 215 -1 0.000000 0.000000 1 6 1 20 4194304 1.000000 1.000000
215 214 4 0.300000 0.700000 1 1 1 65 12 1.000000 1.000000
214 216 -1 0.000000 0.000000 1 6 1 20 4194304 1.000000 1.000000
216 217 26 0.300000 0.700000 1 1 1 1 0 1.000000 1.000000
250 249 7 0.000000 1.000000 1 1 1 1 12 1.000000 1.000000
249 253 -1 0.000000 0.000000 1 7 1 20 8 0.500000 0.500000
253 252 8 0.000000 1.000000 1 1 1 1 0 1.000000 1.000000
252 250 -1 0.000000 0.000000 1 7 1 20 8 0.500000 0.500000
260 258 4 0.000000 1.000000 2 2 2 3 0 1.000000 1.000000
258 257 -1 0.000000 0.000000 1 7 1 20 0 0.500000 0.500000
257 259 4 0.000000 1.000000 2 2 2 3 0 1.000000 1.000000
259 260 -1 0.000000 0.000000 1 7 7 20 0 0.500000 0.500000
261 264 8 0.000000 1.000000 8 255 8 73 0 0.500000 0.500000
264 263 8 0.000000 1.000000 8 8 8 9 0 0.500000 0.500000
263 262 8 0.000000 1.000000 8 255 8 73 0 0.500000 0.500000
262 261 8 0.000000 1.000000 7 7 7 9 0 0.500000 0.500000
265 288 6 0.000000 1.000000 1 1 1 3 0 1.000000 1.000000
288 287 6 0.000000 1.000000 1 1 1 3 0 1.000000 1.000000
287 286 6 0.000000 1.000000 1 1 1 3 0 1.000000 1.000000
286 285 6 0.000000 1.000000 1 1 1 3 0 1.000000 1.000000
285 284 6 0.000000 1.000000 1 1 1 67 0 1.000000 1.000000
284 283 6 0.000000 1.000000 1 1 1 3 0 1.000000 1.000000
283 282 6 0.000000 1.000000 1 1 1 3 0 1.000000 1.000000
282 281 6 0.000000 1.000000 1 1 1 3 0 1.000000 1.000000
281 280 6 0.000000 1.000000 1 1 1 3 0 1.000000 1.000000
280 279 6 0.000000 1.000000 1 1 1 3 0 1.000000 1.000000
279 278 6 0.000000 1.000000 1 1 1 3 0 1.000000 1.000000
278 277 6 0.000000 1.000000 1 1 1 3 0 1.000000 1.000000
277 276 6 0.000000 1.000000 1 1 1 3 0 1.000000 1.000000
276 275 6 0.000000 1.000000 1 1 1 3 0 1.000000 1.000000
275 274 6 0.000000 1.000000 1 1 1 3 0 1.000000 1.000000
274 273 6 0.000000 1.000000 1 1 1 3 0 1.000000 1.000000
273 272 6 0.000000 1.000000 1 1 1 3 0 1.000000 1.000000
272 271 6 0.000000 1.000000 1 1 1 3 0 1.000000 1.000000
271 270 6 0.000000 1.000000 1 1 1 3 0 1.000000 1.000000
270 269 6 0.000000 1.000000 1 1 1 3 0 1.000000 1.000000
269 268 6 0.000000 1.000000 1 1 1 3 0 1.000000 1.000000
268 267 6 0.000000 1.000000 1 1 1 3 0 1.000000 1.000000
267 266 6 0.000000 1.000000 1 1 1 3 0 1.000000 1.000000
266 265 6 0.000000 1.000000 1 1 1 3 0 1.000000 1.000000
669 670 104 0.000000 1.000000 1 255 1 3 0 1.000000 1.000000
670 671 104 0.000000 1.000000 1 255 1 3 0 1.000000 1.000000
671 672 104 0.000000 1.000000 1 255 1 3 0 1.000000 1.000000
672 673 104 0.000000 1.000000 1 255 1 3 0 1.000000 1.000000
673 674 104 0.000000 1.000000 1 255 1 3 0 1.000000 1.000000
674 675 104 0.000000 1.000000 1 255 1 3 0 1.000000 1.000000
675 676 104 0.000000 1.000000 1 255 1 3 0 1.000000 1.000000
676 669 104 0.000000 1.000000 1 255 1 3 0 1.000000 1.000000
291 292 40 0.000000 1.000000 6 6 6 1 262184 0.500000 0.500000
292 290 9 0.000000 1.000000 1 1 1 1 0 1.000000 1.000000
290 293 41 0.000000 1.000000 6 6 6 1 262184 0.500000 0.500000
293 291 33 0.000000 1.000000 1 1 1 1 0 1.000000 1.000000
293 289 -1 0.000000 0.000000 7 7 7 20 0 0.500000 0.500000
289 382 -1 0.000000 0.000000 7 7 7 20 0 0.500000 0.500000
382 297 51 0.400000 0.500000 7 7 7 11 0 0.500000 0.500000
297 88 -1 0.000000 0.000000 7 7 7 20 0 0.500000 0.500000
88 89 8 0.000000 1.000000 7 7 7 1 0 0.500000 0.500000
89 381 -1 0.000000 0.000000 7 7 7 20 0 0.500000 0.500000
381 296 52 0.400000 0.500000 7 7 7 11 0 0.500000 0.500000
296 332 -1 0.000000 0.000000 7 7 7 20 0 0.500000 0.500000
332 291 -1 0.000000 0.000000 7 7 7 20 0 0.500000 0.500000
291 291 -1 0.000000 0.000000 7 6 7 20 0 0.500000 0.500000
291 293 32 0.000000 1.000000 11 11 11 1 11 1.000000 1.000000
301 303 -1 0.000000 0.000000 7 7 7 20 0 0.500000 0.500000
303 300 -1 0.000000 0.000000 7 3 7 20 0 0.500000 0.500000
300 302 -1 0.000000 0.000000 7 7 7 20 0 0.500000 0.500000
302 301 9 0.400000 0.500000 1 1 1 1 0 1.000000 1.000000
310 313 4 0.000000 1.000000 1 1 1 1 0 1.000000 1.000000
313 312 4 0.000000 1.000000 1 1 1 1 0 1.000000 1.000000
312 311 4 0.000000 1.000000 1 1 1 1 0 1.000000 1.000000
311 310 4 0.000000 1.000000 1 1 1 1 0 1.000000 1.000000
314 317 4 0.000000 1.000000 1 1 1 1 0 1.000000 1.000000
317 316 4 0.000000 1.000000 1 1 1 1 0 1.000000 1.000000
316 315 4 0.000000 1.000000 1 1 1 1 0 1.000000 1.000000
315 314 4 0.000000 1.000000 1 1 1 1 0 1.000000 1.000000
318 321 4 0.000000 1.000000 1 1 1 1 0 1.000000 1.000000
321 320 4 0.000000 1.000000 1 1 1 1 0 1.000000 1.000000
320 319 4 0.000000 1.000000 1 1 1 1 0 1.000000 1.000000
319 318 4 0.000000 1.000000 1 1 1 1 0 1.000000 1.000000
322 325 4 0.000000 1.000000 1 1 1 1 0 1.000000 1.000000
325 324 4 0.000000 1.000000 1 1 1 1 0 1.000000 1.000000
324 323 4 0.000000 1.000000 1 1 1 1 0 1.000000 1.000000
323 322 4 0.000000 1.000000 1 1 1 1 0 1.000000 1.000000
326 329 4 0.000000 1.000000 1 1 1 1 0 1.000000 1.000000
329 328 4 0.000000 1.000000 1 1 1 1 0 1.000000 1.000000
328 327 4 0.000000 1.000000 1 1 1 1 0 1.000000 1.000000
327 326 4 0.000000 1.000000 1 1 1 1 0 1.000000 1.000000
292 291 32 0.000000 1.000000 1 1 1 1 0 1.000000 1.000000
291 333 -1 0.000000 0.000000 1 6 1 20 262184 1.000000 1.000000
333 334 -1 0.000000 0.000000 1 6 1 20 262184 1.000000 1.000000
334 292 -1 0.000000 0.000000 1 6 1 20 262184 1.000000 1.000000
293 290 32 0.000000 1.000000 1 1 1 1 0 1.000000 1.000000
290 335 -1 0.000000 0.000000 1 6 1 20 262184 1.000000 1.000000
335 336 -1 0.000000 0.000000 1 6 1 20 262184 1.000000 1.000000
336 293 -1 0.000000 0.000000 1 6 1 20 262184 1.000000 1.000000
341 342 -1 0.000000 0.000000 7 6 7 20 262184 0.500000 0.500000
342 347 5 0.000000 1.000000 1 1 1 1 0 1.000000 1.000000
347 348 -1 0.000000 0.000000 7 6 7 20 262184 0.500000 0.500000
348 341 43 0.000000 1.000000 1 1 1 1 0 1.000000 1.000000
348 346 -1 0.000000 0.000000 7 7 7 20 0 0.500000 0.500000
346 665 -1 0.000000 0.000000 7 7 7 20 0 0.500000 0.500000
665 666 103 0.400000 0.600000 7 255 7 11 0 0.500000 0.500000
666 344 -1 0.000000 0.000000 7 7 7 20 0 0.500000 0.500000
344 437 -1 0.000000 0.000000 7 7 7 20 0 0.500000 0.500000
437 433 -1 0.000000 0.000000 7 6 7 20 262176 0.500000 0.500000
433 435 -1 0.000000 0.000000 6 6 6 20 262176 0.500000 0.500000
435 436 -1 0.000000 0.000000 7 6 7 20 262176 0.500000 0.500000
436 48 -1 0.000000 0.000000 7 7 7 20 0 0.500000 0.500000
48 47 4 0.000000 1.000000 7 7 7 1 0 0.500000 0.500000
47 51 9 0.000000 1.000000 7 7 7 1 0 0.500000 0.500000
51 439 -1 0.000000 0.000000 7 7 7 20 0 0.500000 0.500000
439 434 -1 0.000000 0.000000 7 6 7 20 262176 0.500000 0.500000
434 432 -1 0.000000 0.000000 0 6 0 20 0 1.000000 1.000000
432 438 -1 0.000000 0.000000 7 6 7 20 262176 0.500000 0.500000
438 55 -1 0.000000 0.000000 7 7 7 20 0 0.500000 0.500000
55 54 -1 0.000000 0.000000 7 7 7 20 0 0.500000 0.500000
54 424 -1 0.000000 0.000000 7 7 7 20 0 0.500000 0.500000
424 421 -1 0.000000 0.000000 7 7 7 20 0 0.500000 0.500000
421 418 -1 0.000000 0.000000 7 7 7 20 0 0.500000 0.500000
418 417 60 0.235000 0.725000 7 7 7 11 0 0.500000 0.500000
417 422 -1 0.000000 0.000000 7 7 7 20 0 0.500000 0.500000
422 423 -1 0.000000 0.000000 7 7 7 20 0 0.500000 0.500000
423 414 -1 0.000000 0.000000 7 7 7 20 0 0.500000 0.500000
414 413 -1 0.000000 0.000000 7 7 7 20 0 0.500000 0.500000
413 412 -1 0.000000 0.000000 7 7 7 20 0 0.500000 0.500000
412 412 -1 0.000000 0.000000 7 7 7 20 0 0.500000 0.500000
412 411 59 0.400000 0.600000 7 7 7 11 0 0.500000 0.500000
411 411 -1 0.000000 0.000000 7 7 7 20 0 0.500000 0.500000
411 410 -1 0.000000 0.000000 7 7 7 20 0 0.500000 0.500000
410 409 -1 0.000000 0.000000 7 7 7 20 0 0.500000 0.500000
409 53 -1 0.000000 0.000000 7 7 7 20 0 0.500000 0.500000
53 52 -1 0.000000 0.000000 7 7 7 20 0 0.500000 0.500000
52 339 -1 0.000000 0.000000 7 7 7 20 0 0.500000 0.500000
339 340 -1 0.000000 0.000000 7 7 7 20 0 0.500000 0.500000
340 341 -1 0.000000 0.000000 7 7 7 20 0 0.500000 0.500000
341 348 42 0.000000 1.000000 11 11 11 1 11 1.000000 1.000000
349 350 44 0.000000 0.999999 1 1 1 3 0 1.000000 1.000000
350 351 44 0.000000 0.999999 1 1 1 3 0 1.000000 1.000000
351 352 44 0.000000 0.999999 1 1 1 3 0 1.000000 1.000000
352 349 44 0.000000 0.999999 1 1 1 3 0 1.000000 1.000000
434 432 -1 0.000000 0.000000 6 6 6 2 0 1.000000 1.000000
434 435 64 0.000000 0.900000 6 6 6 3 0 0.500000 0.500000
433 435 -1 0.000000 0.000000 6 6 6 2 262176 1.000000 1.000000
433 432 64 0.000000 0.900000 6 6 6 3 0 0.500000 0.500000
677 680 105 0.000000 0.999999 8 255 8 3 0 0.700000 0.700000
680 679 105 0.000000 0.999999 8 255 8 3 0 0.700000 0.700000
679 678 105 0.000000 0.999999 8 255 8 3 0 0.700000 0.700000
678 677 105 0.000000 0.999999 8 255 8 3 0 0.700000 0.700000
349 352 43 0.000000 0.999999 8 8 8 1 0 0.700000 0.700000
352 351 43 0.000000 0.999999 8 8 8 1 0 0.700000 0.700000
351 350 43 0.000000 0.999999 8 8 8 1 0 0.700000 0.700000
350 349 43 0.000000 0.999999 8 8 8 1 0 0.700000 0.700000
353 354 5 0.400000 0.600000 1 1 1 1 0 1.000000 1.000000
354 355 -1 0.000000 0.000000 1 7 1 20 0 1.000000 1.000000
355 356 -1 0.000000 0.000000 1 5 1 20 7340032 1.000000 1.000000
356 353 -1 0.000000 0.000000 1 7 1 20 0 1.000000 1.000000
357 360 5 0.000000 0.999999 1 255 8 1 0 0.700000 0.700000
360 359 5 0.000000 0.999999 1 255 8 1 0 0.700000 0.700000
359 358 5 0.000000 0.999999 1 255 8 1 0 0.700000 0.700000
358 357 5 0.000000 0.999999 1 255 8 1 0 0.700000 0.700000
370 371 -1 0.000000 0.000000 6 6 6 20 262184 1.000000 1.000000
371 369 4 0.000000 1.000000 1 1 1 1 0 1.000000 1.000000
369 368 -1 0.000000 0.000000 6 6 6 20 262184 1.000000 1.000000
368 370 4 0.000000 1.000000 1 1 1 1 0 1.000000 1.000000
26 372 4 0.400000 0.500000 1 1 1 1 0 1.000000 1.000000
372 373 -1 0.000000 0.000000 1 1 1 20 0 1.000000 1.000000
373 374 -1 0.000000 0.000000 1 5 1 20 7340032 1.000000 1.000000
374 26 -1 0.000000 0.000000 1 1 1 20 0 1.000000 1.000000
375 362 4 0.400000 0.500000 1 1 1 1 0 1.000000 1.000000
362 376 -1 0.000000 0.000000 1 1 1 20 0 1.000000 1.000000
376 377 -1 0.000000 0.000000 1 5 1 20 7340032 1.000000 1.000000
377 375 -1 0.000000 0.000000 1 1 1 20 0 1.000000 1.000000
299 378 9 0.400000 0.500000 1 1 1 1 0 1.000000 1.000000
378 379 -1 0.000000 0.000000 1 1 1 20 0 1.000000 1.000000
379 380 -1 0.000000 0.000000 1 5 1 20 7340032 1.000000 1.000000
380 299 -1 0.000000 0.000000 1 1 1 20 0 1.000000 1.000000
297 382 33 0.400000 0.500000 1 1 1 1 0 1.000000 1.000000
382 383 -1 0.000000 0.000000 1 1 1 20 0 1.000000 1.000000
383 384 -1 0.000000 0.000000 1 5 1 20 7340032 1.000000 1.000000
384 297 -1 0.000000 0.000000 1 1 1 20 0 1.000000 1.000000
296 381 33 0.400000 0.500000 1 1 1 1 0 1.000000 1.000000
381 385 -1 0.000000 0.000000 1 1 1 20 0 1.000000 1.000000
385 386 -1 0.000000 0.000000 1 5 1 20 7340032 1.000000 1.000000
386 296 -1 0.000000 0.000000 1 1 1 20 0 1.000000 1.000000
388 361 4 0.400000 0.500000 1 1 1 1 0 1.000000 1.000000
361 389 -1 0.000000 0.000000 1 1 1 20 0 1.000000 1.000000
389 390 -1 0.000000 0.000000 1 5 1 20 7340032 1.000000 1.000000
390 388 -1 0.000000 0.000000 1 1 1 20 0 1.000000 1.000000
387 367 4 0.400000 0.500000 1 1 1 1 0 1.000000 1.000000
367 391 -1 0.000000 0.000000 1 1 1 20 0 1.000000 1.000000
391 392 -1 0.000000 0.000000 1 5 1 20 7340032 1.000000 1.000000
392 387 -1 0.000000 0.000000 1 1 1 20 0 1.000000 1.000000
393 396 4 0.000000 1.000000 1 16 1 71 5 1.000000 1.000000
396 395 4 0.000000 1.000000 1 16 1 71 5 1.000000 1.000000
395 394 4 0.000000 1.000000 1 16 1 71 5 1.000000 1.000000
394 393 4 0.000000 1.000000 1 16 1 71 5 1.000000 1.000000
397 400 4 0.000000 1.000000 1 16 1 71 5 1.000000 1.000000
400 399 4 0.000000 1.000000 1 16 1 71 5 1.000000 1.000000
399 398 4 0.000000 1.000000 1 16 1 71 5 1.000000 1.000000
398 397 4 0.000000 1.000000 1 16 1 71 5 1.000000 1.000000
401 404 4 0.000000 1.000000 1 16 1 71 5 1.000000 1.000000
404 403 4 0.000000 1.000000 1 16 1 71 5 1.000000 1.000000
403 402 4 0.000000 1.000000 1 16 1 71 5 1.000000 1.000000
402 401 4 0.000000 1.000000 1 16 1 71 5 1.000000 1.000000
405 408 4 0.000000 1.000000 1 16 1 71 5 1.000000 1.000000
408 407 4 0.000000 1.000000 1 16 1 71 5 1.000000 1.000000
407 406 4 0.000000 1.000000 1 16 1 71 5 1.000000 1.000000
406 405 4 0.000000 1.000000 1 16 1 71 5 1.000000 1.000000
411 412 43 0.400000 0.600000 1 1 1 1 0 1.000000 1.000000
412 415 -1 0.000000 0.000000 1 3 1 20 0 1.000000 1.000000
415 416 -1 0.000000 0.000000 1 3 1 20 0 1.000000 1.000000
416 411 -1 0.000000 0.000000 1 3 1 20 0 1.000000 1.000000
417 418 43 0.235000 0.725000 1 1 1 1 0 1.000000 1.000000
418 419 -1 0.000000 0.000000 1 12 1 20 15 1.000000 1.000000
419 420 -1 0.000000 0.000000 1 13 1 20 22020111 1.000000 1.000000
420 417 -1 0.000000 0.000000 1 12 1 20 15 1.000000 1.000000
425 425 10 0.000000 1.000000 1 1 1 1 0 1.000000 1.000000
425 425 10 0.000000 1.000000 6 6 6 1 5242880 1.000000 1.000000
427 94 -1 0.000000 0.000000 7 7 7 20 0 0.500000 0.500000
94 92 -1 0.000000 0.000000 7 7 7 20 0 0.500000 0.500000
92 427 10 0.000000 1.000000 1 1 1 1 0 1.000000 1.000000
428 74 -1 0.000000 0.000000 1 7 1 20 6291456 0.500000 0.500000
74 431 -1 0.000000 0.000000 1 7 1 20 6291456 0.500000 0.500000
431 92 10 0.000000 1.000000 1 1 1 1 0 1.000000 1.000000
92 91 -1 0.000000 0.000000 1 7 1 20 6291456 0.500000 0.500000
91 91 10 0.000000 1.000000 1 1 1 1 0 1.000000 1.000000
91 430 10 0.000000 1.000000 1 1 1 1 0 1.000000 1.000000
430 429 -1 0.000000 0.000000 1 7 1 20 6291456 0.500000 0.500000
429 425 10 0.000000 1.000000 1 1 1 1 0 1.000000 1.000000
425 425 10 0.000000 1.000000 1 1 1 1 0 1.000000 1.000000
425 428 10 0.000000 1.000000 1 1 1 1 0 1.000000 1.000000
515 518 78 0.000000 1.000000 1 1 1 1 0 1.000000 1.000000
518 517 78 0.000000 1.000000 1 1 1 1 0 1.000000 1.000000
517 516 78 0.000000 1.000000 1 1 1 1 0 1.000000 1.000000
516 515 78 0.000000 1.000000 1 1 1 1 0 1.000000 1.000000
519 520 79 0.000000 1.000000 1 1 1 1 0 1.000000 1.000000
520 521 79 0.000000 1.000000 1 1 1 1 0 1.000000 1.000000
521 522 79 0.000000 1.000000 1 1 1 1 0 1.000000 1.000000
522 519 79 0.000000 1.000000 1 1 1 1 0 1.000000 1.000000
527 528 81 0.000000 1.000000 1 1 1 1 0 1.000000 1.000000
528 529 81 0.000000 1.000000 1 1 1 1 0 1.000000 1.000000
529 530 81 0.000000 1.000000 1 1 1 1 0 1.000000 1.000000
530 527 81 0.000000 1.000000 1 1 1 1 0 1.000000 1.000000
432 433 43 0.000000 0.900000 1 1 1 1 0 1.000000 1.000000
433 435 -1 0.000000 0.000000 6 6 6 20 262176 1.000000 1.000000
435 434 43 0.000000 0.900000 1 1 1 1 0 1.000000 1.000000
434 432 -1 0.000000 0.000000 6 6 6 20 262176 1.000000 1.000000
440 40 4 0.265000 0.734999 1 1 1 1 0 1.000000 1.000000
40 441 -1 0.000000 0.000000 1 1 1 20 6291456 1.000000 1.000000
441 442 -1 0.000000 0.000000 1 5 1 20 7340032 1.000000 1.000000
442 440 -1 0.000000 0.000000 1 1 1 20 6291456 1.000000 1.000000
443 444 4 0.000000 1.000000 1 1 1 1 0 1.000000 1.000000
444 45 4 0.000000 1.000000 1 1 1 1 0 1.000000 1.000000
45 137 4 0.000000 1.000000 6 6 6 5 262176 1.000000 1.000000
137 46 4 0.000000 1.000000 1 6 1 5 262176 1.000000 1.000000
46 496 4 0.000000 1.000000 1 6 1 5 262176 1.000000 1.000000
496 443 4 0.000000 1.000000 1 1 1 1 0 1.000000 1.000000
451 450 4 0.265000 0.734999 1 1 1 1 0 1.000000 1.000000
450 452 -1 0.000000 0.000000 1 1 1 20 6291456 1.000000 1.000000
452 453 -1 0.000000 0.000000 1 1 1 20 6291456 1.000000 1.000000
453 451 -1 0.000000 0.000000 1 1 1 20 6291456 1.000000 1.000000
454 457 4 0.100000 0.900000 1 1 1 1 0 1.000000 1.000000
457 456 4 0.100000 0.900000 1 1 1 1 0 1.000000 1.000000
456 455 4 0.100000 0.900000 1 1 1 1 0 1.000000 1.000000
455 454 4 0.100000 0.900000 1 1 1 1 0 1.000000 1.000000
458 465 -1 0.000000 0.000000 1 5 1 20 7340032 1.000000 1.000000
465 464 -1 0.000000 0.000000 1 5 1 20 7340032 1.000000 1.000000
464 459 -1 0.000000 0.000000 1 5 1 20 7340032 1.000000 1.000000
459 460 -1 0.000000 0.000000 1 5 1 20 7340032 1.000000 1.000000
460 467 -1 0.000000 0.000000 1 5 1 20 7340032 1.000000 1.000000
467 466 -1 0.000000 0.000000 1 5 1 20 7340032 1.000000 1.000000
466 461 -1 0.000000 0.000000 1 5 1 20 7340032 1.000000 1.000000
461 458 -1 0.000000 0.000000 1 5 1 20 7340032 1.000000 1.000000
468 609 69 0.100000 0.900000 1 1 1 1 0 1.000000 1.000000
609 469 69 0.100000 0.900000 1 1 1 1 0 1.000000 1.000000
469 608 69 0.100000 0.900000 1 1 1 1 0 1.000000 1.000000
608 470 69 0.100000 0.900000 1 16 1 69 1 1.000000 1.000000
470 604 69 0.100000 0.900000 1 1 1 1 0 1.000000 1.000000
604 606 69 0.100000 0.900000 1 16 1 69 16777217 1.000000 1.000000
606 471 69 0.100000 0.900000 1 1 1 1 0 1.000000 1.000000
471 468 69 0.100000 0.900000 1 1 1 1 0 1.000000 1.000000
472 605 70 0.100000 0.900000 1 1 1 1 0 1.000000 1.000000
605 607 70 0.100000 0.900000 1 16 1 69 16777217 1.000000 1.000000
607 473 70 0.100000 0.900000 1 1 1 1 0 1.000000 1.000000
473 474 70 0.100000 0.900000 1 1 1 1 0 1.000000 1.000000
474 611 70 0.100000 0.900000 1 1 1 1 0 1.000000 1.000000
611 475 70 0.100000 0.900000 1 1 1 1 0 1.000000 1.000000
475 610 70 0.100000 0.900000 1 1 1 1 0 1.000000 1.000000
610 472 70 0.100000 0.900000 1 1 1 1 0 1.000000 1.000000
468 471 68 0.100000 0.900000 1 1 1 11 0 1.000000 1.000000
471 606 68 0.100000 0.900000 1 1 1 11 0 1.000000 1.000000
606 604 68 0.100000 0.900000 1 16 1 79 0 1.000000 1.000000
604 470 68 0.100000 0.900000 1 1 1 11 0 1.000000 1.000000
470 608 68 0.100000 0.900000 1 16 1 79 16777217 1.000000 1.000000
608 469 68 0.100000 0.900000 1 1 1 11 0 1.000000 1.000000
469 609 68 0.100000 0.900000 1 1 1 11 0 1.000000 1.000000
609 468 68 0.100000 0.900000 1 1 1 11 0 1.000000 1.000000
472 610 68 0.100000 0.900000 1 1 1 11 0 1.000000 1.000000
610 475 68 0.100000 0.900000 1 1 1 11 0 1.000000 1.000000
475 611 68 0.100000 0.900000 1 1 1 11 0 1.000000 1.000000
611 474 68 0.100000 0.900000 1 1 1 11 0 1.000000 1.000000
474 473 68 0.100000 0.900000 1 1 1 11 0 1.000000 1.000000
473 607 68 0.100000 0.900000 1 1 1 11 0 1.000000 1.000000
607 605 68 0.100000 0.900000 1 16 1 79 1 1.000000 1.000000
605 472 68 0.100000 0.900000 1 1 1 11 0 1.000000 1.000000
481 482 11 0.300000 0.700000 1 1 1 1 0 1.000000 1.000000
482 172 11 0.300000 0.700000 1 1 1 1 0 1.000000 1.000000
172 480 -1 0.000000 0.000000 1 7 1 20 6291456 1.000000 1.000000
480 481 11 0.300000 0.700000 1 1 1 1 0 1.000000 1.000000
483 173 -1 0.000000 0.000000 1 7 1 20 6291456 0.500000 0.500000
173 485 11 0.000000 1.000000 1 1 1 1 0 1.000000 1.000000
485 484 11 0.000000 1.000000 1 1 1 1 0 1.000000 1.000000
484 483 11 0.000000 1.000000 1 1 1 1 0 1.000000 1.000000
523 524 80 0.000000 1.000000 1 1 1 1 0 1.000000 1.000000
524 525 80 0.000000 1.000000 1 1 1 1 0 1.000000 1.000000
525 526 80 0.000000 1.000000 1 1 1 1 0 1.000000 1.000000
526 523 80 0.000000 1.000000 1 1 1 1 0 1.000000 1.000000
490 488 -1 0.000000 0.000000 1 6 1 20 4194304 1.000000 1.000000
488 489 -1 0.000000 0.000000 1 6 1 20 4194304 1.000000 1.000000
489 491 -1 0.000000 0.000000 1 6 1 20 4194304 1.000000 1.000000
491 490 74 0.200000 0.900000 1 1 1 11 0 1.000000 1.000000
491 486 -1 0.000000 0.000000 1 6 1 20 0 1.000000 1.000000
486 487 4 0.200000 0.900000 0 0 0 1 0 1.000000 1.000000
487 490 -1 0.000000 0.000000 1 6 1 20 0 1.000000 1.000000
490 491 73 0.200000 0.900000 1 1 1 1 0 1.000000 1.000000
531 532 -1 0.000000 0.000000 1 12 1 20 15 1.000000 1.000000
532 533 -1 0.000000 0.000000 1 12 1 20 15 1.000000 1.000000
533 534 -1 0.000000 0.000000 1 12 1 20 15 1.000000 1.000000
534 531 -1 0.000000 0.000000 1 12 1 20 15 1.000000 1.000000
535 536 -1 0.000000 0.000000 1 12 1 20 15 1.000000 1.000000
536 537 -1 0.000000 0.000000 1 12 1 20 15 1.000000 1.000000
537 538 -1 0.000000 0.000000 1 12 1 20 15 1.000000 1.000000
538 535 -1 0.000000 0.000000 1 12 1 20 15 1.000000 1.000000
539 540 -1 0.000000 0.000000 1 12 1 20 15 1.000000 1.000000
540 541 -1 0.000000 0.000000 1 12 1 20 15 1.000000 1.000000
541 542 -1 0.000000 0.000000 1 12 1 20 15 1.000000 1.000000
542 539 -1 0.000000 0.000000 1 12 1 20 15 1.000000 1.000000
14 11 3 -0.200000 0.700000 8 8 8 9 0 0.700000 0.700000
11 506 -1 0.000000 0.000000 7 7 7 20 0 0.500000 0.500000
506 505 1 -0.400000 0.400000 1 16 1 71 16777220 0.600000 1.000000
505 14 -1 0.000000 0.000000 7 7 7 20 0 0.500000 0.500000
507 510 4 0.000000 1.000000 1 1 1 1 0 1.000000 1.000000
510 509 4 0.000000 1.000000 1 1 1 1 0 1.000000 1.000000
509 508 4 0.000000 1.000000 1 1 1 1 0 1.000000 1.000000
508 507 4 0.000000 1.000000 1 1 1 1 0 1.000000 1.000000
511 512 4 0.000000 1.000000 1 1 1 1 0 1.000000 1.000000
512 513 4 0.000000 1.000000 1 1 1 1 0 1.000000 1.000000
513 514 4 0.000000 1.000000 1 1 1 1 0 1.000000 1.000000
514 511 4 0.000000 1.000000 1 1 1 1 0 1.000000 1.000000
515 516 63 0.000000 1.000000 1 1 1 1 0 1.000000 1.000000
516 517 63 0.000000 1.000000 1 1 1 1 0 1.000000 1.000000
517 518 63 0.000000 1.000000 1 1 1 1 0 1.000000 1.000000
518 515 63 0.000000 1.000000 1 1 1 1 0 1.000000 1.000000
519 522 63 0.000000 1.000000 1 1 1 1 0 1.000000 1.000000
522 521 63 0.000000 1.000000 1 1 1 1 0 1.000000 1.000000
521 520 63 0.000000 1.000000 1 1 1 1 0 1.000000 1.000000
520 519 63 0.000000 1.000000 1 1 1 1 0 1.000000 1.000000
523 526 72 0.000000 1.000000 1 1 1 1 0 1.000000 1.000000
526 525 72 0.000000 1.000000 1 1 1 1 0 1.000000 1.000000
525 524 72 0.000000 1.000000 1 1 1 1 0 1.000000 1.000000
524 523 72 0.000000 1.000000 1 1 1 1 0 1.000000 1.000000
527 530 63 0.000000 1.000000 1 1 1 1 0 1.000000 1.000000
530 529 63 0.000000 1.000000 1 1 1 1 0 1.000000 1.000000
529 528 63 0.000000 1.000000 1 1 1 1 0 1.000000 1.000000
528 527 63 0.000000 1.000000 1 1 1 1 0 1.000000 1.000000
545 544 -1 0.000000 0.000000 1 7 1 16 0 0.500000 0.500000
544 549 6 0.000000 1.000000 1 1 1 1 0 1.000000 1.000000
549 548 -1 0.000000 0.000000 1 7 1 16 0 0.500000 0.500000
548 545 6 0.000000 1.000000 1 1 1 1 0 1.000000 1.000000
551 554 4 0.000000 1.000000 1 255 1 1 0 1.000000 1.000000
554 553 4 0.000000 1.000000 1 255 1 1 0 1.000000 1.000000
553 552 4 0.000000 1.000000 1 255 1 1 0 1.000000 1.000000
552 551 4 0.000000 1.000000 1 255 1 1 0 1.000000 1.000000
555 556 4 0.000000 1.000000 255 255 255 5 0 1.000000 1.000000
556 557 4 0.000000 1.000000 255 255 255 5 0 1.000000 1.000000
557 558 4 0.000000 1.000000 255 255 255 5 0 1.000000 1.000000
558 555 4 0.000000 1.000000 255 255 255 5 0 1.000000 1.000000
559 560 4 0.000000 1.000000 255 255 255 5 0 1.000000 1.000000
560 561 4 0.000000 1.000000 255 255 255 5 0 1.000000 1.000000
561 562 4 0.000000 1.000000 255 255 255 5 0 1.000000 1.000000
562 559 4 0.000000 1.000000 255 255 255 5 0 1.000000 1.000000
563 564 4 0.000000 1.000000 255 255 255 5 0 1.000000 1.000000
564 565 4 0.000000 1.000000 255 255 255 5 0 1.000000 1.000000
565 566 4 0.000000 1.000000 255 255 255 5 0 1.000000 1.000000
566 563 4 0.000000 1.000000 255 255 255 5 0 1.000000 1.000000
567 568 4 0.000000 1.000000 255 255 255 5 0 1.000000 1.000000
568 569 4 0.000000 1.000000 255 255 255 5 0 1.000000 1.000000
569 570 4 0.000000 1.000000 255 255 255 5 0 1.000000 1.000000
570 567 4 0.000000 1.000000 255 255 255 5 0 1.000000 1.000000
571 572 4 0.000000 1.000000 255 255 255 5 0 1.000000 1.000000
572 573 4 0.000000 1.000000 255 255 255 5 0 1.000000 1.000000
573 574 4 0.000000 1.000000 255 255 255 5 0 1.000000 1.000000
574 571 4 0.000000 1.000000 255 255 255 5 0 1.000000 1.000000
575 576 4 0.000000 1.000000 255 255 255 5 0 1.000000 1.000000
576 577 4 0.000000 1.000000 255 255 255 5 0 1.000000 1.000000
577 591 4 0.000000 1.000000 255 255 255 5 0 1.000000 1.000000
591 590 4 0.000000 1.000000 255 255 255 5 0 1.000000 1.000000
590 218 4 0.000000 1.000000 255 255 255 5 0 1.000000 1.000000
218 578 4 0.000000 1.000000 255 255 255 5 0 1.000000 1.000000
578 575 4 0.000000 1.000000 255 255 255 5 0 1.000000 1.000000
593 592 6 0.300000 0.700000 1 1 1 5 0 1.000000 1.000000
592 594 -1 0.000000 0.000000 1 3 1 20 0 1.000000 1.000000
594 595 -1 0.000000 0.000000 1 3 1 20 6291456 1.000000 1.000000
595 593 -1 0.000000 0.000000 1 3 1 20 0 1.000000 1.000000
596 597 6 0.300000 0.700000 1 255 1 5 0 1.000000 1.000000
597 598 -1 0.000000 0.000000 1 4 1 20 0 1.000000 1.000000
598 599 -1 0.000000 0.000000 1 4 1 20 6291456 1.000000 1.000000
599 596 -1 0.000000 0.000000 1 4 1 20 0 1.000000 1.000000
600 603 4 0.300000 0.700000 1 255 1 5 0 1.000000 1.000000
603 602 4 0.300000 0.700000 1 16 1 197 0 1.000000 1.000000
602 601 4 0.300000 0.700000 1 255 1 5 0 1.000000 1.000000
601 600 4 0.300000 0.700000 1 255 1 5 0 1.000000 1.000000
625 626 96 0.300000 0.700000 1 255 1 1 0 1.000000 1.000000
626 627 96 0.300000 0.700000 1 255 1 1 0 1.000000 1.000000
627 628 96 0.300000 0.700000 1 255 1 1 0 1.000000 1.000000
628 625 96 0.300000 0.700000 1 255 1 1 0 1.000000 1.000000
614 613 4 0.235000 0.499999 1 255 1 5 0 1.000000 1.000000
613 615 -1 0.000000 0.000000 1 7 1 20 0 1.000000 1.000000
615 616 -1 0.000000 0.000000 1 2 1 20 0 1.000000 1.000000
616 614 -1 0.000000 0.000000 1 7 1 20 0 1.000000 1.000000
617 618 -1 0.000000 0.000000 1 1 1 20 0 1.000000 1.000000
618 619 -1 0.000000 0.000000 1 1 1 20 0 1.000000 1.000000
619 622 -1 0.000000 0.000000 1 1 1 20 0 1.000000 1.000000
622 621 95 -0.365000 0.135000 1 255 1 11 0 1.000000 1.000000
621 620 -1 0.000000 0.000000 1 1 1 20 0 1.000000 1.000000
620 617 -1 0.000000 0.000000 1 1 1 20 0 1.000000 1.000000
621 622 94 -0.365000 0.135000 1 255 1 1 0 1.000000 1.000000
622 624 -1 0.000000 0.000000 1 7 1 20 0 1.000000 1.000000
624 623 1 -0.365000 0.135000 1 255 1 1 0 1.000000 1.000000
623 621 -1 0.000000 0.000000 1 7 1 20 0 1.000000 1.000000
625 628 92 0.300000 0.700000 1 255 6 9 0 1.000000 1.000000
628 627 92 0.300000 0.700000 1 255 6 9 0 1.000000 1.000000
627 626 92 0.300000 0.700000 1 255 6 9 0 1.000000 1.000000
626 625 92 0.300000 0.700000 1 255 6 9 0 1.000000 1.000000
629 632 8 0.000000 1.000000 1 255 1 1 0 1.000000 1.000000
632 631 8 0.000000 1.000000 1 255 1 1 0 1.000000 1.000000
631 630 8 0.000000 1.000000 1 255 1 1 0 1.000000 1.000000
630 629 8 0.000000 1.000000 1 255 1 1 0 1.000000 1.000000
633 634 8 0.000000 1.000000 255 255 255 5 0 1.000000 1.000000
634 635 8 0.000000 1.000000 255 255 255 5 0 1.000000 1.000000
635 636 8 0.000000 1.000000 255 255 255 5 0 1.000000 1.000000
636 633 8 0.000000 1.000000 255 255 255 5 0 1.000000 1.000000
637 640 8 0.000000 0.900000 1 6 1 5 262176 1.000000 1.000000
640 639 8 0.000000 0.900000 1 255 1 1 0 1.000000 1.000000
639 638 8 0.000000 0.900000 1 6 1 5 262176 1.000000 1.000000
638 637 8 0.000000 0.900000 1 255 1 1 0 1.000000 1.000000
647 648 8 0.000000 0.900000 255 6 255 5 262176 1.000000 1.000000
648 646 8 0.000000 0.900000 255 255 255 5 0 1.000000 1.000000
646 643 8 0.000000 0.900000 255 6 255 5 262176 1.000000 1.000000
643 647 8 0.000000 0.900000 255 255 255 5 0 1.000000 1.000000
649 652 4 0.000000 1.000000 1 255 8 9 0 0.700000 0.700000
652 651 4 0.000000 1.000000 1 255 8 9 0 0.700000 0.700000
651 650 4 0.000000 1.000000 1 255 8 9 0 0.700000 0.700000
650 649 4 0.000000 1.000000 1 255 8 9 0 0.700000 0.700000
653 656 6 0.000000 0.900000 1 255 8 13 6291456 0.700000 0.700000
656 655 6 0.000000 0.900000 1 255 8 13 6291456 0.700000 0.700000
655 654 6 0.000000 0.900000 1 255 8 13 6291456 0.700000 0.700000
654 653 6 0.000000 0.900000 1 255 8 13 6291456 0.700000 0.700000
657 658 -1 0.000000 0.000000 1 7 1 20 3145728 0.500000 0.500000
658 659 -1 0.000000 0.000000 1 7 1 20 3145728 0.500000 0.500000
659 664 -1 0.000000 0.000000 1 7 1 20 3145728 0.500000 0.500000
664 663 -1 0.000000 0.000000 1 7 1 20 3145728 0.500000 0.500000
663 662 -1 0.000000 0.000000 1 7 1 20 3145728 0.500000 0.500000
662 661 -1 0.000000 0.000000 1 7 1 20 3145728 0.500000 0.500000
661 660 -1 0.000000 0.000000 1 7 1 20 3145728 0.500000 0.500000
660 657 -1 0.000000 0.000000 1 7 1 20 3145728 0.500000 0.500000
666 665 43 0.400000 0.600000 1 255 1 1 0 1.000000 1.000000
665 667 -1 0.000000 0.000000 1 1 1 20 0 1.000000 1.000000
667 668 -1 0.000000 0.000000 1 4 1 20 7340032 1.000000 1.000000
668 666 -1 0.000000 0.000000 1 1 1 20 0 1.000000 1.000000
669 676 31 0.000000 1.000000 1 255 1 1 0 1.000000 1.000000
676 675 31 0.000000 1.000000 1 255 1 1 0 1.000000 1.000000
675 674 31 0.000000 1.000000 1 255 1 1 0 1.000000 1.000000
674 673 31 0.000000 1.000000 1 255 1 1 0 1.000000 1.000000
673 672 31 0.000000 1.000000 1 255 1 1 0 1.000000 1.000000
672 671 31 0.000000 1.000000 1 255 1 1 0 1.000000 1.000000
671 670 31 0.000000 1.000000 1 255 1 1 0 1.000000 1.000000
670 669 31 0.000000 1.000000 1 255 1 1 0 1.000000 1.000000
677 678 43 0.000000 0.999999 8 255 8 1 0 0.700000 0.700000
678 679 43 0.000000 0.999999 8 255 8 1 0 0.700000 0.700000
679 680 43 0.000000 0.999999 8 255 8 1 0 0.700000 0.700000
680 677 43 0.000000 0.999999 8 255 8 1 0 0.700000 0.700000
SECTORS 106
0 6 6 -0.600000 0.400000 8 1 0 0 0 0 -0.600000 0.000000 0.400000 1.000000 0.000000 0.000000 0.700000 0.700000 0.000000 0.500000 0.500000 0.000000 0
6 24 24 -0.600000 0.400000 8 1 0 0 0 0 -0.600000 0.000000 0.400000 1.000000 0.000000 0.000000 0.700000 0.700000 0.000000 0.500000 0.500000 0.000000 0
30 4 4 -0.600000 0.400000 8 1 0 0 0 0 -0.600000 0.000000 0.400000 1.000000 0.000000 0.000000 0.700000 0.700000 0.000000 0.500000 0.500000 0.000000 0
34 13 13 -0.200000 1.000000 8 1 0 0 0 0 -0.300000 0.000000 1.000000 1.000000 0.000000 0.000000 0.700000 0.700000 0.000000 0.500000 0.500000 0.000000 0
47 233 233 0.000000 1.000000 8 1 0 0 0 0 0.000000 0.600000 1.000000 1.000000 0.200000 0.000000 0.700000 0.700000 0.000000 0.500000 0.500000 0.000000 2048
280 18 18 0.000000 1.000000 8 1 0 0 0 0 0.000000 0.000000 1.000000 1.000000 0.000000 0.000000 0.700000 0.700000 0.000000 0.500000 0.500000 0.000000 0
298 53 53 0.000000 1.000000 8 1 0 0 0 0 0.000000 0.000000 1.000000 1.000000 0.000000 0.000000 0.700000 0.700000 0.000000 0.500000 0.500000 0.000000 0
351 16 16 0.000000 1.000000 8 1 0 0 0 0 0.000000 0.000000 1.000000 1.000000 0.000000 0.000000 0.700000 0.700000 0.000000 0.500000 0.500000 0.000000 0
367 86 86 0.000000 1.000000 8 1 0 0 0 0 0.000000 0.000000 1.000000 1.000000 0.000000 0.000000 0.700000 0.700000 0.000000 0.500000 0.500000 0.000000 0
453 14 14 0.000000 1.000000 8 1 0 0 0 0 0.000000 0.000000 1.000000 1.000000 0.000000 0.000000 0.700000 0.700000 0.000000 0.500000 0.500000 0.000000 0
467 35 35 0.000000 1.000000 8 1 0 0 0 0 0.000000 0.000000 1.000000 1.000000 0.000000 0.000000 0.700000 0.700000 0.000000 0.500000 0.500000 0.000000 0
502 48 48 0.000000 1.000000 8 1 0 0 0 0 0.000000 0.000000 1.000000 1.000000 0.000000 0.000000 0.700000 0.700000 0.000000 0.500000 0.500000 0.000000 0
550 4 4 -0.200000 1.000000 6 1 0 0 0 0 -0.200000 -0.200000 1.000000 1.000000 0.000000 0.000000 1.000000 1.000000 1.570796 0.500000 0.500000 0.000000 0
554 4 4 -0.400000 1.000000 6 1 0 0 0 0 -0.400000 -0.400000 1.000000 1.000000 0.000000 0.000000 1.000000 1.000000 1.570796 0.500000 0.500000 0.000000 0
558 4 4 -0.600000 1.000000 6 1 0 0 0 0 -0.600000 -0.600000 1.000000 1.000000 0.000000 0.000000 1.000000 1.000000 1.570796 0.500000 0.500000 0.000000 0
562 4 4 -0.800000 1.000000 6 1 0 0 0 0 -0.800000 -0.800000 1.000000 1.000000 0.000000 0.000000 1.000000 1.000000 1.570796 0.500000 0.500000 0.000000 0
566 4 4 -1.000000 1.000000 6 1 0 0 0 0 -1.000000 -1.000000 1.000000 1.000000 0.000000 0.000000 1.000000 1.000000 1.570796 0.500000 0.500000 0.000000 0
570 4 4 -1.200000 0.500000 8 1 0 0 0 0 -1.200000 -1.200000 0.500000 0.500000 0.000000 0.000000 1.000000 1.000000 0.000000 0.500000 0.500000 0.000000 0
574 4 4 -1.200000 -0.200000 8 1 0 0 0 0 -1.200000 -1.200000 -0.200000 -0.200000 0.000000 0.000000 0.700000 0.700000 0.000000 0.500000 0.500000 0.000000 0
578 10 10 -0.600000 0.900000 8 255 3 0 0 0 -0.600000 0.000000 0.900000 1.500000 0.000000 0.000000 0.700000 0.700000 0.000000 0.500000 0.500000 0.000000 0
588 4 4 -0.600000 0.300000 2 6 0 0 0 0 -0.600000 0.000000 0.300000 0.900000 0.000000 0.000000 0.500000 0.500000 0.000000 0.500000 0.500000 0.000000 0
592 14 14 0.235000 0.729999 7 7 6 0 0 0 0.235000 0.235000 0.729999 0.729999 0.000000 0.000000 1.000000 1.000000 0.000000 1.000000 1.000000 0.000000 2048
606 4 4 0.200000 1.000000 6 1 4 0 0 0 0.200000 0.200000 1.000000 1.000000 0.000000 0.000000 0.700000 0.700000 0.000000 0.500000 0.500000 0.000000 0
610 4 4 0.335000 0.730000 6 7 6 0 0 0 0.335000 0.335000 0.730000 0.730000 0.000000 0.000000 1.000000 1.000000 0.000000 1.000000 1.000000 0.000000 0
614 4 4 0.335000 0.730000 6 7 6 0 0 0 0.335000 0.335000 0.730000 0.730000 0.000000 0.000000 1.000000 1.000000 0.000000 1.000000 1.000000 0.000000 0
618 5 5 -0.600000 0.400000 8 1 7 0 1 2 -0.600000 1.000000 0.400000 1.000000 0.500000 0.000000 0.700000 0.700000 0.000000 0.500000 0.500000 0.000000 256
623 4 4 0.290000 0.700000 5 6 6 0 0 0 0.290000 0.290000 0.700000 0.700000 0.000000 0.000000 0.400000 0.600000 1.570796 1.000000 1.000000 1.570796 0
627 4 4 0.300000 0.700000 6 6 3 0 0 0 0.300000 0.300000 0.700000 0.700000 0.000000 0.000000 1.000000 1.000000 1.570796 1.000000 1.000000 1.570796 0
631 4 4 0.000000 1.000000 8 7 0 0 4 4 -0.000000 0.000000 0.002000 1.000000 -0.300000 1.000000 0.500000 0.500000 0.000000 1.000000 1.000000 1.570796 0
635 4 4 0.000000 1.001000 6 1 0 0 3 1 0.000000 1.000000 1.000000 1.010000 0.700000 0.000000 0.700000 0.700000 1.570796 0.500000 0.500000 0.000000 0
639 4 4 -0.100000 1.000000 5 1 0 0 11 2 -1.000000 -0.100000 0.000000 1.000000 0.200000 0.000000 0.700000 0.700000 1.570796 0.500000 0.500000 0.000000 2
643 32 32 0.000000 1.100000 8 2 0 0 6 1 0.000000 1.000000 1.000000 1.100000 0.200000 0.000000 0.700000 0.700000 0.000000 0.500000 0.500000 0.000000 0
675 4 4 0.000000 1.000000 8 6 0 0 2 4 0.000000 1.000000 -0.000000 1.000000 0.000000 1.500000 0.700000 0.700000 1.570796 0.500000 0.500000 0.000000 0
679 11 11 0.000000 1.000000 8 1 0 0 0 0 0.000000 0.000000 1.000000 1.000000 0.000000 0.000000 0.700000 0.700000 0.000000 0.500000 0.500000 0.000000 0
690 4 4 0.400000 0.500000 8 1 0 0 0 0 0.000000 0.400000 0.500000 1.000000 0.000000 0.000000 0.700000 0.700000 0.000000 0.500000 0.500000 0.000000 3584
694 4 4 0.000000 1.000000 8 1 0 0 5 1 0.000000 1.000000 1.000000 2.000000 1.500000 0.000000 1.000000 1.000000 0.000000 1.000000 1.000000 0.000000 0
698 4 4 0.000000 1.000000 8 1 0 0 5 1 0.000000 1.000000 1.000000 2.000000 1.500000 0.000000 1.000000 1.000000 0.000000 1.000000 1.000000 0.000000 0
702 4 4 0.000000 1.000000 8 1 0 0 5 1 0.000000 1.000000 1.000000 2.000000 1.500000 0.000000 1.000000 1.000000 0.000000 1.000000 1.000000 0.000000 0
706 4 4 0.000000 1.000000 8 1 0 0 5 1 0.000000 1.000000 1.000000 2.000000 1.500000 0.000000 1.000000 1.000000 0.000000 1.000000 1.000000 0.000000 0
710 4 4 0.000000 1.000000 8 1 0 0 5 1 0.000000 1.000000 1.000000 2.000000 1.500000 0.000000 1.000000 1.000000 0.000000 1.000000 1.000000 0.000000 0
714 4 4 0.000000 1.000000 8 6 0 0 2 4 0.000000 1.000000 -0.000000 1.000000 0.000000 1.500000 0.700000 0.700000 1.570796 0.500000 0.500000 0.000000 0
718 4 4 0.000000 1.000000 8 6 0 0 2 4 0.000000 1.000000 -0.000000 1.000000 0.000000 1.500000 0.700000 0.700000 1.570796 0.500000 0.500000 0.000000 0
722 4 4 0.000000 1.000000 8 11 0 0 7 4 0.000000 0.000000 -0.000000 1.000000 0.000000 0.700000 0.700000 0.700000 0.000000 0.500000 0.500000 0.000000 0
726 49 49 0.000000 1.000000 8 1 0 0 20 0 0.000000 0.000000 1.000000 1.000000 0.000000 0.000000 0.700000 0.700000 0.000000 0.500000 0.500000 0.000000 2048
775 4 4 0.000000 0.999999 12 1 0 15 7 1 -0.100000 0.000000 0.999999 2.000000 0.133000 0.000000 1.000000 1.000000 0.000000 0.500000 0.500000 0.000000 0
779 4 4 0.400000 0.600000 7 7 0 0 0 0 0.000000 0.400000 0.600000 2.000000 0.000000 0.000000 1.000000 1.000000 0.000000 1.000000 1.000000 0.000000 0
783 4 4 0.000000 0.999999 12 1 0 15 7 1 -0.100000 0.000000 0.999999 2.000000 0.133000 0.000000 1.000000 1.000000 0.000000 0.500000 0.500000 0.000000 0
787 4 4 0.000000 1.000000 8 11 0 1 8 4 0.000000 0.000000 -0.000000 1.000000 0.000000 1.500000 0.700000 0.700000 1.570796 1.000000 1.000000 1.570796 0
791 4 4 0.400000 0.500000 8 1 0 0 0 0 0.000000 0.400000 0.500000 1.000000 0.000000 0.000000 0.700000 0.700000 0.000000 0.500000 0.500000 0.000000 0
795 4 4 0.400000 0.500000 8 1 0 0 0 0 0.000000 0.400000 0.500000 1.000000 0.000000 0.000000 0.700000 0.700000 0.000000 0.500000 0.500000 0.000000 0
799 4 4 0.400000 0.500000 8 1 0 0 0 0 0.000000 0.400000 0.500000 1.000000 0.000000 0.000000 0.700000 0.700000 0.000000 0.500000 0.500000 0.000000 0
803 4 4 0.400000 0.500000 8 1 0 0 0 0 0.000000 0.400000 0.500000 1.000000 0.000000 0.000000 0.700000 0.700000 0.000000 0.500000 0.500000 0.000000 0
807 4 4 0.400000 0.500000 8 1 0 0 0 0 0.000000 0.400000 0.500000 1.000000 0.000000 0.000000 0.700000 0.700000 0.000000 0.500000 0.500000 0.000000 0
811 4 4 0.400000 0.500000 8 1 0 0 0 0 0.000000 0.400000 0.500000 1.000000 0.000000 0.000000 0.700000 0.700000 0.000000 0.500000 0.500000 0.000000 0
815 4 4 0.400000 0.500000 8 1 0 0 0 0 0.000000 0.400000 0.500000 1.000000 0.000000 0.000000 0.700000 0.700000 0.000000 0.500000 0.500000 0.000000 0
819 4 4 0.000000 1.200000 14 255 7 0 0 0 0.000000 0.000000 1.200000 2.000000 0.000000 0.000000 0.700000 0.700000 0.000000 1.000000 1.000000 0.000000 0
823 4 4 0.000000 1.200000 14 255 7 0 0 0 0.000000 0.000000 1.200000 2.000000 0.000000 0.000000 0.700000 0.700000 0.000000 1.000000 1.000000 0.000000 0
827 4 4 0.000000 1.200000 14 255 7 0 0 0 0.000000 0.000000 1.200000 2.000000 0.000000 0.000000 0.700000 0.700000 0.000000 1.000000 1.000000 0.000000 0
831 4 4 0.000000 1.200000 14 255 7 0 0 0 0.000000 0.000000 1.200000 2.000000 0.000000 0.000000 0.700000 0.700000 0.000000 1.000000 1.000000 0.000000 0
835 4 4 0.400000 0.600000 6 1 0 0 0 0 0.000000 0.400000 0.600000 2.000000 0.000000 0.000000 1.000000 1.000000 0.000000 1.000000 1.000000 0.000000 0
839 4 4 0.235000 0.725000 12 12 0 15 0 0 0.000000 0.235000 0.725000 2.000000 0.000000 0.000000 1.000000 1.000000 0.000000 1.000000 1.000000 0.000000 0
843 2 2 0.000000 1.000000 8 1 7 0 0 0 0.000000 0.000000 1.000000 2.000000 0.000000 0.000000 0.700000 0.700000 0.000000 0.500000 0.500000 0.000000 0
845 3 3 0.000000 1.000000 8 1 0 0 0 0 0.000000 0.000000 1.000000 1.000000 0.000000 0.000000 0.700000 0.700000 0.000000 0.500000 0.500000 0.000000 0
848 22 22 0.000000 1.000000 8 1 6 0 0 0 0.000000 0.000000 1.000000 2.000000 0.000000 0.000000 0.700000 0.700000 0.000000 0.500000 0.500000 0.000000 3584
870 4 4 0.000000 0.900000 8 6 0 0 0 0 0.000000 0.000000 0.900000 2.000000 0.000000 0.000000 0.700000 0.700000 0.000000 0.500000 0.500000 1.570796 0
874 4 4 0.265000 0.734999 7 7 6 0 0 0 0.000000 0.265000 0.734999 2.000000 0.000000 0.000000 1.000000 1.000000 0.000000 1.000000 1.000000 0.000000 2304
878 6 6 0.000000 1.000000 8 1 6 0 0 0 0.000000 0.000000 1.000000 2.000000 0.000000 0.000000 0.700000 0.700000 0.000000 0.500000 0.500000 0.000000 2304
884 4 4 0.265000 0.734999 12 7 6 15 0 0 0.000000 0.265000 0.734999 2.000000 0.000000 0.000000 1.000000 1.000000 0.000000 1.000000 1.000000 0.000000 0
888 28 28 0.100000 0.900000 12 12 0 15 0 0 0.000000 0.100000 0.900000 2.000000 0.000000 0.000000 0.700000 0.700000 0.000000 0.500000 0.500000 0.000000 0
916 8 8 0.000000 1.200000 3 255 6 0 0 0 0.000000 0.000000 1.200000 2.000000 0.000000 0.000000 1.000000 1.000000 0.000000 1.000000 1.000000 0.000000 0
924 8 8 0.000000 1.200000 3 255 6 0 0 0 0.000000 0.000000 1.200000 2.000000 0.000000 0.000000 1.000000 1.000000 0.000000 1.000000 1.000000 0.000000 0
932 4 4 0.300000 0.700000 4 4 3 0 0 0 0.000000 0.300000 0.700000 2.000000 0.000000 0.000000 0.700000 0.700000 1.570796 0.500000 0.500000 1.570796 0
936 8 8 0.000000 1.000000 8 1 6 0 0 0 0.000000 0.000000 1.000000 2.000000 0.000000 0.000000 0.700000 0.700000 0.000000 0.500000 0.500000 0.000000 0
944 4 4 0.155000 0.920000 6 6 5 0 0 0 0.000000 0.200000 0.900000 2.000000 0.000000 0.000000 1.000000 1.000000 0.000000 1.000000 1.000000 0.000000 0
948 16 16 0.200000 0.900000 6 6 0 0 0 0 0.000000 0.200000 0.900000 2.000000 0.000000 0.000000 1.000000 1.000000 1.570796 1.000000 1.000000 1.570796 0
964 4 4 -0.400000 0.700000 8 1 0 0 0 0 -0.400000 0.000000 0.700000 1.000000 0.000000 0.000000 0.700000 0.700000 0.000000 0.500000 0.500000 0.000000 0
968 4 4 0.000000 1.000000 14 1 0 0 0 0 0.000000 0.000000 1.000000 2.000000 0.000000 0.000000 0.700000 0.700000 0.000000 0.500000 0.500000 0.000000 0
972 4 4 0.000000 1.000000 14 1 0 0 0 0 0.000000 0.000000 1.000000 2.000000 0.000000 0.000000 0.700000 0.700000 0.000000 0.500000 0.500000 0.000000 0
976 4 4 0.000000 1.000000 14 1 6 0 0 0 0.000000 0.000000 1.000000 2.000000 0.000000 0.000000 0.700000 0.700000 0.000000 0.500000 0.500000 0.000000 1536
980 4 4 0.000000 1.000000 14 1 6 0 0 0 0.000000 0.000000 1.000000 2.000000 0.000000 0.000000 0.700000 0.700000 0.000000 0.500000 0.500000 0.000000 3584
984 4 4 0.000000 1.000000 14 1 6 0 0 0 0.000000 0.000000 1.000000 2.000000 0.000000 0.000000 0.700000 0.700000 0.000000 0.500000 0.500000 0.000000 0
988 4 4 0.000000 1.000000 14 1 6 0 0 0 0.000000 0.000000 1.000000 2.000000 0.000000 0.000000 0.700000 0.700000 0.000000 0.500000 0.500000 0.000000 3584
992 4 4 0.000000 1.000000 8 1 0 0 1 0 0.000000 0.999999 -0.000000 1.000000 0.000000 2.100000 0.700000 0.700000 0.000000 1.000000 1.000000 0.000000 0
996 4 4 0.000000 1.000000 8 1 5 0 0 0 0.000000 0.000000 1.000000 2.000000 0.000000 0.000000 0.700000 0.700000 0.000000 0.500000 0.500000 0.000000 0
1000 4 4 0.000000 1.000000 8 1 5 0 0 0 0.000000 0.000000 1.000000 2.000000 0.000000 0.000000 0.700000 0.700000 0.000000 0.500000 0.500000 0.000000 0
1004 4 4 0.000000 1.000000 8 1 5 0 0 0 0.000000 0.000000 1.000000 2.000000 0.000000 0.000000 0.700000 0.700000 0.000000 0.500000 0.500000 0.000000 0
1008 4 4 0.000000 1.000000 8 1 5 0 0 0 0.000000 0.000000 1.000000 2.000000 0.000000 0.000000 0.700000 0.700000 0.000000 0.500000 0.500000 0.000000 0
1012 4 4 0.000000 1.000000 8 1 5 0 0 0 0.000000 0.000000 1.000000 2.000000 0.000000 0.000000 0.700000 0.700000 0.000000 0.500000 0.500000 0.000000 0
1016 4 4 0.000000 1.000000 8 1 5 0 0 0 0.000000 0.000000 1.000000 2.000000 0.000000 0.000000 0.700000 0.700000 0.000000 0.500000 0.500000 0.000000 0
1020 7 7 0.000000 1.000000 8 1 5 0 0 0 0.000000 0.000000 1.000000 2.000000 0.000000 0.000000 0.700000 0.700000 0.000000 0.500000 0.500000 0.000000 0
1027 4 4 0.300000 0.700000 3 3 6 0 0 0 0.000000 0.300000 0.700000 2.000000 0.000000 0.000000 1.000000 1.000000 0.000000 1.000000 1.000000 0.000000 2304
1031 4 4 0.300000 0.700000 4 4 6 0 0 0 0.000000 0.300000 0.700000 2.000000 0.000000 0.000000 0.500000 0.500000 0.000000 0.500000 0.500000 0.000000 0
1035 8 8 0.300000 0.700000 6 7 0 0 0 0 0.000000 0.300000 0.700000 2.000000 0.000000 0.000000 1.000000 1.000000 0.000000 1.000000 1.000000 0.000000 0
1043 4 4 0.235000 0.499999 7 7 0 0 0 0 0.000000 0.235000 0.499999 2.000000 0.000000 0.000000 1.000000 1.000000 0.000000 1.000000 1.000000 0.000000 0
1047 6 6 -0.600000 2.000000 3 255 5 0 0 0 -0.600000 0.000000 2.000000 2.000000 0.000000 0.000000 1.000000 1.000000 0.000000 1.000000 1.000000 0.000000 0
1053 4 4 -0.365000 0.135000 7 7 0 0 0 0 -0.365000 0.000000 0.135000 2.000000 0.000000 0.000000 0.500000 0.500000 1.570796 0.500000 0.500000 1.570796 0
1057 4 4 0.280000 0.700000 5 7 6 0 0 0 0.000000 0.280000 0.700000 2.000000 0.000000 0.000000 1.000000 1.000000 0.000000 1.000000 1.000000 0.000000 0
1061 4 4 0.000000 1.000000 14 1 0 0 0 0 0.000000 0.000000 1.000000 2.000000 0.000000 0.000000 0.700000 0.700000 0.000000 0.500000 0.500000 0.000000 0
1065 4 4 0.000000 1.000000 14 1 0 0 0 0 0.000000 0.000000 1.000000 2.000000 0.000000 0.000000 0.700000 0.700000 0.000000 0.500000 0.500000 0.000000 0
1069 4 4 0.000000 0.900000 8 6 0 0 0 0 0.000000 0.000000 0.900000 2.000000 0.000000 0.000000 0.700000 0.700000 0.000000 0.500000 0.500000 0.000000 0
1073 4 4 0.000000 0.900000 8 6 0 0 0 0 0.000000 0.000000 0.900000 2.000000 0.000000 0.000000 0.700000 0.700000 0.000000 0.500000 0.500000 0.000000 0
1077 4 4 -0.050000 1.000000 4 1 7 0 0 0 -0.050000 0.000000 1.000000 2.000000 0.000000 0.000000 0.700000 0.700000 0.000000 0.500000 0.500000 0.000000 0
1081 12 12 -0.090000 0.900000 4 1 7 0 0 0 -0.100000 0.000000 0.900000 2.000000 0.000000 0.000000 1.000000 1.000000 0.000000 0.500000 0.500000 0.000000 0
1093 4 4 0.400000 0.600000 7 7 0 0 0 0 0.000000 0.400000 0.600000 2.000000 0.000000 0.000000 1.000000 1.000000 0.000000 1.000000 1.000000 0.000000 0
1097 8 8 0.000000 1.000000 8 1 0 0 0 0 0.000000 0.000000 1.000000 2.000000 0.000000 0.000000 0.500000 0.500000 0.000000 0.700000 0.700000 0.000000 0
1105 4 4 0.000000 0.999999 12 1 0 15 9 1 -0.100000 0.000000 0.999999 2.000000 0.133000 0.000000 1.000000 1.000000 0.000000 0.500000 0.500000 0.000000 0
OBJECTS 33
-20.000000 -30.000000 0.000000 0 4 1 1 1.399998 1 8 4 0.000000 0.000000
-29.200001 -18.000000 0.000000 3 3 0 1 1.150000 1 2 1 0.000000 0.000000
-14.000000 -20.000000 0.000000 0 2 1 1 1.350000 1 8 4 0.000000 0.000000
-32.000000 -16.800001 0.000000 0 5 1 2 0.650000 1 2 0 0.000000 0.000000
-32.200001 -13.800000 0.000000 0 5 0 2 0.650000 1 1 0 0.000000 0.000000
-32.000000 -28.000000 0.000000 25 6 1 2 1.750000 1 2 0 0.000000 0.000000
-32.000000 -26.000000 0.000000 0 6 1 2 0.950000 1 1 0 0.000000 0.000000
-24.800001 -18.000000 0.000000 0 7 1 1 0.450000 1 10 5 0.000000 0.000000
-27.200001 -18.000000 0.000000 0 7 1 1 0.450000 1 10 5 0.000000 0.000000
-18.000000 -16.200001 0.000000 0 8 1 1 1.550000 1 8 4 0.000000 0.000000
-22.000000 -30.000000 0.000000 10 11 0 4 0.050000 1 0 0 0.000000 0.000000
0.000000 0.000000 0.000000 11 10 0 4 0.500001 1 0 0 0.000000 0.000000
-8.000000 -33.000000 0.000000 2 3 0 4 0.350000 1 0 0 0.000000 0.000000
-24.000000 -27.000000 0.000000 3 2 0 4 0.350000 1 0 0 0.000000 0.000000
-14.900001 -5.900000 -0.200000 0 0 0 0 0.350000 200 0 0 0.600000 0.600000
-22.000000 -10.000000 0.300000 0 0 0 0 0.350000 13 0 0 0.300000 0.300000
-20.000000 -10.000000 0.000000 0 0 0 0 0.350000 0 0 0 1.000000 0.500000
-18.000000 -10.000000 0.300000 0 0 0 0 0.350000 4 0 0 0.300000 0.300000
-18.000000 -8.000000 0.000000 0 0 0 0 0.350000 200 0 0 0.700000 0.700000
-20.000000 -8.000000 0.000000 0 0 0 0 0.350000 200 0 0 2.000000 0.700000
-22.000000 -8.000000 0.000000 0 0 0 0 0.350000 200 0 0 0.700000 0.700000
-8.800000 -8.700000 -0.600000 0 0 0 0 0.350000 17 0 0 1.000000 1.000000
-8.000000 -9.500000 -0.600000 0 0 0 0 0.350000 17 0 0 1.000000 1.900000
-8.300000 -7.700000 -0.600000 0 0 0 0 0.350000 17 0 0 1.000000 0.700000
-9.100000 -7.900000 -0.600000 0 0 0 0 0.350000 17 0 0 1.000000 1.000000
-8.000000 -7.100000 -0.600000 0 0 0 0 0.350000 17 0 0 1.000000 0.500000
-23.500000 -20.700003 0.000000 20 20 0 10 1.050000 1 0 0 1.000000 1.000000
-21.100002 -18.000000 0.000000 9 9 1 2 0.450000 1 10 5 0.000000 0.000000
-21.299999 -18.000000 0.000000 0 20 1 7 0.450000 1 9 4 0.000000 0.000000
-28.600000 -18.000000 0.000000 0 3 1 7 0.350000 1 1 0 1.000000 1.000000
-15.000000 -32.600002 -0.800000 14 11 1 2 0.350000 1 1 0 1.000000 1.000000
-15.000000 -30.999998 0.000000 21 11 1 2 2.250000 1 2 0 1.000000 1.000000
-31.999998 -28.900000 0.000000 0 25 1 7 1.150000 1 0 0 1.000000 1.000000
OBJECTLABELS 33



it's a trap!










gricy boy!



gricy bloke
fat grice!






picture lighty!
pressure pad1
enable lighty

rising water
water sinkage!
Oneway Room! only visit once
