MAPEDIT6
START -1.300000 -0.300000 4.712389 5
VERTS 65
-5.000000 -5.000000
0.500000 -0.000000
1.000000 -5.000000
-0.700000 -3.200000
-0.600000 -4.500000
-0.500000 -4.700000
-0.400000 -4.800000
-0.200000 -4.800000
-0.100000 -4.700000
-0.000000 -4.500000
0.100000 -3.200000
-0.000000 -3.000000
-0.100000 -2.900000
-0.500000 -2.900000
-0.600000 -3.000000
-2.600000 -4.500000
-1.000000 -4.500000
-1.000000 -3.100000
-1.200000 -3.100000
-1.200000 -3.800000
-2.400000 -3.800000
-2.400000 -3.100000
-2.600000 -3.100000
-2.390000 -3.790000
-1.210000 -3.790000
-1.210000 -3.200000
-2.390000 -3.200000
-3.700000 -3.200000
-3.600000 -3.000000
-3.500000 -2.900000
-3.100000 -2.900000
-3.000000 -3.000000
-2.900000 -3.200000
-3.000000 -4.500000
-3.100000 -4.700000
-3.200000 -4.800000
-3.400000 -4.800000
-3.500000 -4.700000
-3.600000 -4.500000
1.000000 -3.000000
-5.000000 -4.100000
-7.099999 -2.800000
-1.200000 2.600000
-3.600000 0.100000
-3.600000 -0.300000
-3.300000 -0.500000
-2.400000 -0.300000
-2.400000 0.100000
-3.300000 0.300000
-3.800000 -0.500000
-3.800000 -0.300000
-3.700000 -0.200000
-3.700000 0.000000
-3.800000 0.100000
-3.800000 0.300000
-4.000000 0.300000
-4.000000 -0.500000
-3.600000 1.900000
-0.200000 1.700000
-6.600000 -1.500000
-4.500000 -4.100000
-1.100000 -1.500000
0.100000 -1.100000
-2.300000 -1.600000
-4.000000 -2.600000
WALLS 122
0 40 -1 0.000000 0.000000 1 1 1 20 5 1.000000 1.000000
40 60 5 0.000000 2.000000 1 255 1 1 5 1.000000 1.000000
60 64 5 0.000000 2.000000 1 255 1 1 5 1.000000 1.000000
64 63 5 0.000000 2.000000 1 255 1 1 5 1.000000 1.000000
63 61 5 0.000000 2.000000 1 255 1 1 5 1.000000 1.000000
61 62 5 0.000000 2.000000 1 255 1 1 5 1.000000 1.000000
62 1 5 0.000000 2.000000 1 255 1 1 5 1.000000 1.000000
1 39 -1 0.000000 0.000000 1 1 1 20 7340037 1.000000 1.000000
39 2 -1 0.000000 0.000000 1 1 1 20 7340037 1.000000 1.000000
2 0 -1 0.000000 0.000000 0 10 0 84 3145740 2.000000 1.000000
3 4 1 0.000000 2.000000 4 4 4 1 7340032 1.000000 1.000000
4 5 1 0.000000 2.000000 4 4 4 1 7340032 1.000000 1.000000
5 6 1 0.000000 2.000000 4 4 4 1 7340032 1.000000 1.000000
6 7 1 0.000000 2.000000 1 1 1 1 7340032 1.000000 1.000000
7 8 1 0.000000 2.000000 4 4 4 1 7340032 1.000000 1.000000
8 9 1 0.000000 2.000000 4 4 4 1 7340032 1.000000 1.000000
9 10 1 0.000000 2.000000 4 4 4 1 7340032 1.000000 1.000000
10 11 1 0.000000 2.000000 4 4 4 1 7340032 1.000000 1.000000
11 12 1 0.000000 2.000000 4 4 4 1 7340032 1.000000 1.000000
12 13 1 0.000000 2.000000 4 4 4 1 7340032 1.000000 1.000000
13 14 1 0.000000 2.000000 4 4 4 1 7340032 1.000000 1.000000
14 3 1 0.000000 2.000000 4 4 4 1 7340032 1.000000 1.000000
15 16 2 0.000000 2.000000 6 6 6 1 0 1.000000 1.000000
16 17 2 0.000000 2.000000 6 6 6 1 0 1.000000 1.000000
17 18 2 0.000000 2.000000 6 6 6 1 0 1.000000 1.000000
18 19 2 0.000000 2.000000 6 6 6 1 0 1.000000 1.000000
19 20 2 0.000000 2.000000 6 6 6 1 0 1.000000 1.000000
20 21 2 0.000000 2.000000 6 6 6 1 0 1.000000 1.000000
21 22 2 0.000000 2.000000 6 6 6 1 0 1.000000 1.000000
22 15 2 0.000000 2.000000 6 6 6 1 0 1.000000 1.000000
23 24 3 0.000000 2.000000 1 1 1 1 0 1.000000 1.000000
24 25 3 0.000000 2.000000 1 1 1 1 0 1.000000 1.000000
25 26 3 0.000000 2.000000 6 6 6 1 0 1.000000 1.000000
26 23 3 0.000000 2.000000 1 1 1 1 0 1.000000 1.000000
27 38 4 0.000000 2.000000 1 255 4 1 7340032 1.000000 1.000000
38 37 4 0.000000 2.000000 1 255 4 1 7340032 1.000000 1.000000
37 36 4 0.000000 2.000000 1 255 4 1 7340032 1.000000 1.000000
36 35 4 0.000000 2.000000 4 255 4 1 7340032 1.000000 1.000000
35 34 4 0.000000 2.000000 1 255 4 1 7340032 1.000000 1.000000
34 33 4 0.000000 2.000000 1 255 4 1 7340032 1.000000 1.000000
33 32 4 0.000000 2.000000 1 255 4 1 7340032 1.000000 1.000000
32 31 4 0.000000 2.000000 1 255 4 1 7340032 1.000000 1.000000
31 30 4 0.000000 2.000000 1 255 4 1 6291456 1.000000 1.000000
30 29 4 0.000000 2.000000 1 255 4 1 7340032 1.000000 1.000000
29 28 4 0.000000 2.000000 1 255 4 1 6291456 1.000000 1.000000
28 27 4 0.000000 2.000000 1 255 4 1 7340032 1.000000 1.000000
3 14 0 0.000000 2.000000 1 1 1 1 0 1.000000 1.000000
14 13 0 0.000000 2.000000 1 1 1 1 0 1.000000 1.000000
13 12 0 0.000000 2.000000 1 1 1 1 0 1.000000 1.000000
12 11 0 0.000000 2.000000 1 1 1 1 0 1.000000 1.000000
11 10 0 0.000000 2.000000 1 1 1 1 0 1.000000 1.000000
10 9 0 0.000000 2.000000 1 1 1 1 0 1.000000 1.000000
9 8 0 0.000000 2.000000 1 1 1 1 0 1.000000 1.000000
8 7 0 0.000000 2.000000 1 1 1 1 0 1.000000 1.000000
7 6 0 0.000000 2.000000 4 4 4 1 0 1.000000 1.000000
6 5 0 0.000000 2.000000 1 1 1 1 0 1.000000 1.000000
5 4 0 0.000000 2.000000 1 1 1 1 0 1.000000 1.000000
4 3 0 0.000000 2.000000 1 1 1 1 0 1.000000 1.000000
15 22 0 0.000000 2.000000 1 1 1 1 0 1.000000 1.000000
22 21 0 0.000000 2.000000 1 1 1 1 0 1.000000 1.000000
21 20 0 0.000000 2.000000 1 1 1 1 0 1.000000 1.000000
20 19 0 0.000000 2.000000 1 1 1 1 0 1.000000 1.000000
19 18 0 0.000000 2.000000 1 1 1 1 0 1.000000 1.000000
18 17 0 0.000000 2.000000 1 1 1 1 0 1.000000 1.000000
17 16 0 0.000000 2.000000 1 1 1 1 0 1.000000 1.000000
16 15 0 0.000000 2.000000 1 1 1 1 0 1.000000 1.000000
23 26 0 0.000000 2.000000 1 1 1 1 0 1.000000 1.000000
26 25 0 0.000000 2.000000 1 1 1 1 0 1.000000 1.000000
25 24 0 0.000000 2.000000 1 1 1 1 0 1.000000 1.000000
24 23 0 0.000000 2.000000 1 1 1 1 0 1.000000 1.000000
27 28 0 0.000000 2.000000 1 255 1 1 0 1.000000 1.000000
28 29 0 0.000000 2.000000 1 255 1 1 0 1.000000 1.000000
29 30 0 0.000000 2.000000 1 255 1 1 0 1.000000 1.000000
30 31 0 0.000000 2.000000 1 255 1 1 0 1.000000 1.000000
31 32 0 0.000000 2.000000 1 255 1 1 0 1.000000 1.000000
32 33 0 0.000000 2.000000 1 255 1 1 0 1.000000 1.000000
33 34 0 0.000000 2.000000 1 255 1 1 0 1.000000 1.000000
34 35 0 0.000000 2.000000 1 255 1 1 0 1.000000 1.000000
35 36 0 0.000000 2.000000 4 255 4 1 0 1.000000 1.000000
36 37 0 0.000000 2.000000 1 255 1 1 0 1.000000 1.000000
37 38 0 0.000000 2.000000 1 255 1 1 0 1.000000 1.000000
38 27 0 0.000000 2.000000 1 255 1 1 0 1.000000 1.000000
1 62 0 0.000000 2.000000 1 255 8 9 0 1.000000 1.000000
62 61 0 0.000000 2.000000 1 255 8 9 0 1.000000 1.000000
61 63 0 0.000000 2.000000 1 255 8 9 0 1.000000 1.000000
63 64 0 0.000000 2.000000 1 255 8 9 0 1.000000 1.000000
64 60 0 0.000000 2.000000 1 255 8 9 0 1.000000 1.000000
60 40 0 0.000000 2.000000 1 255 8 9 0 1.000000 1.000000
40 41 -1 0.000000 0.000000 1 1 1 20 0 1.000000 1.000000
41 59 -1 0.000000 0.000000 1 1 1 20 0 1.000000 1.000000
59 57 -1 0.000000 0.000000 1 1 1 20 0 1.000000 1.000000
57 42 -1 0.000000 0.000000 1 1 1 20 0 1.000000 1.000000
42 58 -1 0.000000 0.000000 1 1 1 20 0 1.000000 1.000000
58 1 -1 0.000000 0.000000 1 1 1 20 0 1.000000 1.000000
43 44 6 -0.200000 2.000000 1 255 2 1 0 1.000000 1.000000
44 45 6 -0.200000 2.000000 1 255 2 1 0 1.000000 1.000000
45 46 6 -0.200000 2.000000 1 255 2 1 0 1.000000 1.000000
46 47 6 -0.200000 2.000000 1 255 2 1 0 1.000000 1.000000
47 48 6 -0.200000 2.000000 1 255 2 1 0 1.000000 1.000000
48 43 6 -0.200000 2.000000 1 255 2 1 0 1.000000 1.000000
49 50 7 -0.200000 2.000000 1 255 12 1 7 1.000000 1.000000
50 51 7 -0.200000 2.000000 1 255 12 1 4 1.000000 1.000000
51 52 7 -0.200000 2.000000 1 255 12 1 7 1.000000 1.000000
52 53 7 -0.200000 2.000000 1 255 12 1 4 1.000000 1.000000
53 54 7 -0.200000 2.000000 1 255 12 1 7 1.000000 1.000000
54 55 7 -0.200000 2.000000 1 255 12 1 7 1.000000 1.000000
55 56 7 -0.200000 2.000000 1 255 12 1 7 1.000000 1.000000
56 49 7 -0.200000 2.000000 1 255 12 1 7 1.000000 1.000000
43 48 5 -0.200000 2.000000 1 255 1 1 0 1.000000 1.000000
48 47 5 -0.200000 2.000000 1 255 1 1 0 1.000000 1.000000
47 46 5 -0.200000 2.000000 1 255 1 1 0 1.000000 1.000000
46 45 5 -0.200000 2.000000 1 255 1 1 0 1.000000 1.000000
45 44 5 -0.200000 2.000000 1 255 1 1 0 1.000000 1.000000
44 43 5 -0.200000 2.000000 1 255 1 1 0 1.000000 1.000000
49 56 5 -0.200000 2.000000 1 255 1 1 0 1.000000 1.000000
56 55 5 -0.200000 2.000000 1 255 1 1 0 1.000000 1.000000
55 54 5 -0.200000 2.000000 1 255 1 1 0 1.000000 1.000000
54 53 5 -0.200000 2.000000 1 255 1 1 0 1.000000 1.000000
53 52 5 -0.200000 2.000000 1 255 1 1 0 1.000000 1.000000
52 51 5 -0.200000 2.000000 1 255 1 1 0 1.000000 1.000000
51 50 5 -0.200000 2.000000 1 255 1 1 0 1.000000 1.000000
50 49 5 -0.200000 2.000000 1 255 1 1 0 1.000000 1.000000
SECTORS 8
0 46 46 0.000000 2.000000 8 255 0 0 0 0 0.000000 0.000000 2.000000 2.000000 0.000000 0.000000 0.600000 0.600000 0.000000 1.000000 1.000000 0.000000 0
46 12 12 0.000000 2.000000 8 255 0 0 1 0 0.000000 0.300000 2.000000 2.000000 0.300000 0.000000 1.000000 1.000000 0.000000 1.000000 1.000000 0.000000 0
58 8 8 0.000000 2.000000 8 255 0 0 1 0 0.000000 0.400000 2.000000 2.000000 0.300000 0.000000 1.000000 1.000000 0.000000 1.000000 1.000000 0.000000 0
66 4 4 0.000000 2.000000 8 255 0 0 1 0 0.000000 0.200000 2.000000 2.000000 0.200000 0.000000 1.000000 1.000000 0.000000 1.000000 1.000000 0.000000 0
70 12 12 0.000000 2.000000 8 255 0 0 1 0 0.000000 0.300000 2.000000 2.000000 0.300000 0.000000 1.000000 1.000000 0.000000 1.000000 1.000000 0.000000 0
82 26 26 -0.200000 2.000000 3 255 0 0 0 0 -0.200000 0.000000 2.000000 2.000000 0.000000 0.000000 1.000000 1.000000 0.000000 1.000000 1.000000 0.000000 0
108 6 6 -0.200000 2.000000 3 255 0 0 2 0 -0.200000 0.000000 2.000000 2.000000 0.500000 0.000000 1.000000 1.000000 0.000000 1.000000 1.000000 0.000000 0
114 8 8 -0.200000 2.000000 3 255 0 0 2 0 -0.200000 0.400000 2.000000 2.000000 3.000000 0.000000 1.000000 1.000000 0.000000 1.000000 1.000000 0.000000 0
OBJECTS 22
-4.500000 -1.200000 -0.200000 0 0 0 0 0.350000 17 0 0 1.000000 1.000000
-2.700000 -1.100000 -0.200000 0 0 0 0 0.350000 17 0 0 1.000000 1.000000
-0.300000 -0.800000 -0.200000 0 0 0 0 0.350000 17 0 0 1.000000 1.000000
-1.500000 1.900000 -0.200000 0 0 0 0 0.350000 17 0 0 1.000000 1.000000
-0.600000 0.900000 -0.200000 0 0 0 0 0.350000 17 0 0 1.000000 1.000000
-2.400000 1.700000 -0.200000 0 0 0 0 0.350000 17 0 0 1.000000 1.000000
-4.900000 -2.000000 -0.200000 0 0 0 0 0.350000 17 0 0 1.000000 1.000000
-5.500000 -2.400000 -0.200000 0 0 0 0 0.350000 17 0 0 1.000000 1.000000
-5.000000 -3.400000 -0.200000 0 0 0 0 0.350000 17 0 0 1.000000 1.000000
-6.200001 -2.500000 -0.200000 0 0 0 0 0.350000 17 0 0 1.000000 1.000000
-4.700000 -0.500000 -0.200000 0 0 0 0 0.350000 17 0 0 0.600000 1.000000
-2.500000 1.000000 -0.200000 0 0 0 0 0.350000 17 0 0 1.000000 1.000000
-1.800000 1.200000 -0.200000 0 0 0 0 0.350000 17 0 0 1.000000 1.000000
-3.200000 -1.600000 -0.200000 0 0 0 0 0.350000 17 0 0 1.000000 1.000000
-1.300000 -1.200000 -0.200000 0 0 0 0 0.350000 17 0 0 1.000000 1.000000
-5.400000 -1.100000 -0.200000 0 0 0 0 0.350000 17 0 0 1.000000 1.000000
-3.900000 -1.600000 -0.200000 0 0 0 0 0.350000 17 0 0 1.000000 1.000000
-3.100000 -0.100000 -0.200000 2 2 1 1 1.150000 255 1 2 1.000000 1.000000
0.600000 -4.200000 0.000000 0 0 0 0 0.350000 17 0 0 1.000000 1.000000
0.500000 -2.600000 0.000000 0 0 0 0 0.350000 17 0 0 1.000000 1.000000
0.200000 -1.700000 0.000000 0 0 0 0 0.350000 17 0 0 1.000000 1.000000
-4.500000 -4.600000 0.000000 0 0 0 0 0.350000 17 0 0 1.000000 1.000000
OBJECTLABELS 22






















