MAPEDIT6
START 6.500000 -5.400000 -0.300000 7
VERTS 585
4.600000 -2.000000
2.500000 9.600000
11.400000 7.400000
9.200001 -2.000000
24.000000 6.000000
24.000000 -2.000000
-0.600000 0.000000
-0.600000 6.600000
8.000000 9.600000
14.000000 1.900000
15.000000 1.900000
15.000000 2.100000
14.000000 2.100000
16.000000 1.900000
17.000000 1.900000
17.000000 2.100000
16.000000 2.100000
18.000000 1.900000
19.000000 1.900000
19.000000 2.100000
18.000000 2.100000
20.000000 1.900000
22.000000 1.000000
22.000000 3.000000
20.000000 2.100000
3.800000 0.000000
4.800000 1.000000
4.800000 3.000000
3.800000 4.000000
-2.900000 1.000000
4.800000 0.000000
4.800000 4.000000
-5.200000 2.800000
-4.199999 8.400000
-1.900000 6.600000
-1.900000 3.000000
3.200000 7.600000
4.200000 7.600000
6.200000 7.600000
7.200000 7.600000
7.200000 8.600000
3.200000 8.600000
-2.500000 12.600000
2.300000 10.600000
1.100000 9.600000
4.200000 10.600000
6.200000 10.799999
12.000100 3.400000
20.300001 1.900000
21.800001 1.300000
21.800001 2.700000
20.300001 2.100000
12.000000 5.000000
12.000001 0.000000
5.400000 -2.000000
7.400000 -2.000000
5.400000 -3.000000
7.400000 -3.000000
9.400001 -4.000000
10.400001 -7.000000
10.400001 -8.500000
7.400000 -11.000000
1.800000 -11.000000
0.100000 -9.000000
0.100000 -6.000000
2.000000 -4.000000
3.400000 -4.000000
2.800000 -4.000000
2.800000 -3.899999
3.000000 -3.899999
3.000000 -4.000000
10.400001 -7.400001
10.400001 -7.599999
2.100000 -7.100000
3.700000 -7.100000
10.500000 -7.600000
10.500000 -7.400000
6.500000 -6.800000
6.500000 -8.200001
29.000000 1.000000
29.000000 3.000000
27.000000 1.000000
27.000000 3.000000
55.000000 21.000000
57.200001 30.800001
62.900002 27.000000
58.000000 18.000002
61.000004 34.700001
27.400003 21.299999
32.199997 18.900002
51.400002 33.600002
52.500004 38.200001
45.100002 32.000000
44.000004 35.000000
32.200001 23.700001
36.299999 32.000000
33.700001 34.799999
28.100000 25.199999
30.500000 14.100001
23.800001 17.300001
26.100000 11.500000
19.200001 12.600000
10.500000 14.599998
9.500000 12.600000
12.900001 12.200001
14.700000 11.799999
15.400001 12.900000
14.100000 13.200001
44.000000 32.000000
3.800000 7.590003
3.800000 7.300000
6.600000 7.300000
6.600000 7.590003
15.200000 0.700000
15.200000 0.400000
15.300000 0.300000
15.600000 0.300000
15.700001 0.400000
15.700001 0.700000
15.600000 0.800000
15.300000 0.800000
30.000002 -2.000000
30.000002 6.000000
32.000000 8.000000
40.000000 8.000000
42.000000 6.000000
42.000000 -2.000000
40.000000 -4.000000
32.000000 -4.000000
31.000002 -2.000000
32.000000 -3.000000
33.000000 -3.000000
33.000000 -2.000000
32.000000 -1.000000
31.000002 -1.000000
39.000000 -3.000000
40.000000 -3.000000
41.000000 -2.000000
41.000000 -1.000000
40.000000 -1.000000
39.000000 -2.000000
40.000000 5.000000
41.000000 5.000000
41.000000 6.000000
40.000000 7.000000
39.000000 7.000000
39.000000 6.000000
33.000000 7.000000
32.000000 7.000000
31.000002 6.000000
31.000002 5.000000
32.000000 5.000000
33.000000 6.000000
38.000000 -3.000000
38.000000 -2.000000
40.000000 -0.000000
41.900002 0.100000
41.900002 3.900000
40.000000 4.000000
38.000000 6.000000
38.000000 7.000000
34.000000 7.000000
34.000000 6.000000
32.000000 4.000000
31.000002 4.000000
31.000002 -0.000000
32.000000 -0.000000
34.000000 -2.000000
34.000000 -3.000000
34.000000 -0.000000
38.000000 -0.000000
38.000000 4.000000
34.000000 4.000000
37.299999 0.300000
37.299999 0.100000
37.700001 0.100000
37.900002 0.300000
37.900002 0.700000
37.700001 0.700000
37.700001 0.400000
37.599998 0.300000
37.599998 3.700000
37.700001 3.600000
37.700001 3.300000
37.900002 3.300000
37.900002 3.700000
37.700001 3.900000
37.299999 3.900000
37.299999 3.700000
34.099998 3.300000
34.299999 3.300000
34.299999 3.600000
34.400002 3.700000
34.700001 3.700000
34.700001 3.900000
34.299999 3.900000
34.099998 3.700000
34.099998 0.300000
34.299999 0.100000
34.700001 0.100000
34.700001 0.300000
34.400002 0.300000
34.299999 0.400000
34.299999 0.700000
34.099998 0.700000
35.599998 1.600000
35.799999 1.600000
35.799999 1.700000
36.200001 1.700000
36.200001 1.600000
36.400002 1.600000
36.400002 1.800000
36.299999 1.800000
36.299999 2.200000
36.400002 2.200000
36.400002 2.400000
36.200001 2.400000
36.200001 2.300000
35.799999 2.300000
35.799999 2.400000
35.599998 2.400000
35.599998 2.200000
35.700001 2.200000
35.700001 1.800000
35.599998 1.800000
34.799999 0.400000
37.200001 0.400000
36.599998 1.000000
35.400002 1.000000
37.000000 1.400000
37.599998 0.800000
37.599998 3.200000
37.000000 2.600000
35.000000 1.400000
35.000000 2.600000
34.400002 3.200000
34.400002 0.800000
35.400002 3.000000
36.599998 3.000000
37.200001 3.600000
34.799999 3.600000
36.400002 1.900000
36.899998 1.700000
36.899998 2.300000
36.400002 2.100000
35.900002 2.400000
36.099998 2.400000
36.299999 2.900000
35.700001 2.900000
35.599998 1.900000
35.599998 2.100000
35.099998 2.300000
35.099998 1.700000
35.900002 1.600000
35.700001 1.100000
36.299999 1.100000
36.099998 1.600000
30.000000 1.000000
30.000000 3.000000
46.000000 -2.000000
46.000000 -0.000000
46.000000 4.000000
46.000000 6.000000
48.000000 8.000000
56.000000 8.000000
58.000000 6.000000
58.000000 -2.000000
56.000000 -4.000000
48.000000 -4.000000
47.000000 -2.000000
48.000000 -3.000000
49.000000 -3.000000
49.000000 -2.000000
48.000000 -1.000000
47.000000 -1.000000
55.000000 -3.000000
56.000000 -3.000000
57.000000 -2.000000
57.000000 -1.000000
56.000000 -1.000000
55.000000 -2.000000
56.000000 5.000000
57.000000 5.000000
57.000000 6.000000
56.000000 7.000000
55.000000 7.000000
55.000000 6.000000
49.000000 7.000000
48.000000 7.000000
47.000000 6.000000
47.000000 5.000000
48.000000 5.000000
49.000000 6.000000
54.000000 -3.000000
54.000000 -2.000000
56.000000 -0.000001
57.000000 -0.000001
57.000000 4.000000
56.000000 4.000000
54.000000 6.000000
54.000000 7.000000
50.000000 7.000000
50.000000 6.000000
48.000000 4.000000
46.099998 3.900000
46.099998 0.099999
48.000000 -0.000001
50.000000 -2.000000
50.000000 -3.000000
50.000000 -0.000001
54.000000 -0.000001
54.000000 4.000000
50.000000 4.000000
53.299999 0.299999
53.299999 0.099999
53.700001 0.099999
53.900002 0.299999
53.900002 0.700000
53.700001 0.700000
53.700001 0.400000
53.599998 0.299999
53.599998 3.700000
53.700001 3.599999
53.700001 3.299999
53.900002 3.299999
53.900002 3.700000
53.700001 3.900000
53.299999 3.900000
53.299999 3.700000
50.099998 3.299999
50.299999 3.299999
50.299999 3.599999
50.400002 3.700000
50.700001 3.700000
50.700001 3.900000
50.299999 3.900000
50.099998 3.700000
50.099998 0.299999
50.299999 0.099999
50.700001 0.099999
50.700001 0.299999
50.400002 0.299999
50.299999 0.400000
50.299999 0.700000
50.099998 0.700000
51.599998 1.599999
51.799999 1.599999
51.799999 1.700000
52.200001 1.700000
52.200001 1.599999
52.400002 1.599999
52.400002 1.799999
52.299999 1.799999
52.299999 2.200000
52.400002 2.200000
52.400002 2.400000
52.200001 2.400000
52.200001 2.299999
51.799999 2.299999
51.799999 2.400000
51.599998 2.400000
51.599998 2.200000
51.700001 2.200000
51.700001 1.799999
51.599998 1.799999
50.799999 0.400000
53.200001 0.400000
52.599998 0.999999
51.400002 0.999999
53.000000 1.399999
53.599998 0.799999
53.599998 3.200000
53.000000 2.599999
51.000000 1.399999
51.000000 2.599999
50.400002 3.200000
50.400002 0.799999
51.400002 3.000000
52.599998 3.000000
53.200001 3.599999
50.799999 3.599999
52.400002 1.899999
52.799999 1.700000
52.799999 2.299999
52.400002 2.099999
51.900002 2.400000
52.099998 2.400000
52.299999 2.900000
51.700001 2.900000
51.900002 1.599999
51.700001 1.099999
52.299999 1.099999
52.099998 1.599999
42.000000 0.000000
42.000000 4.000000
43.000000 4.000000
45.000004 4.000000
36.000000 13.000000
36.000000 21.000002
40.000000 25.000002
48.000000 25.000002
52.000000 21.000002
52.000000 13.000000
48.000000 9.000001
40.000000 9.000001
38.000000 12.000000
39.000000 11.000001
41.000000 12.000001
41.000000 13.000000
40.000000 14.000000
39.000000 14.000000
47.000000 12.000001
49.000000 11.000001
50.000000 12.000000
49.000000 14.000000
48.000000 14.000000
47.000000 13.000000
48.000000 20.000002
49.000000 20.000002
50.000000 22.000002
49.000000 23.000002
47.000000 22.000002
47.000000 21.000002
41.000000 22.000002
39.000000 23.000002
38.000000 22.000002
39.000000 20.000002
40.000000 20.000002
41.000000 21.000002
46.000000 7.300001
46.000000 13.000000
48.000000 15.000000
49.000000 15.000000
49.000000 19.000002
48.000000 19.000002
46.000000 21.000002
46.000000 22.000002
42.000000 22.000002
42.000000 21.000002
40.000000 19.000002
39.000000 19.000002
39.000000 15.000000
40.000000 15.000000
42.000000 13.000000
42.000000 7.300001
42.000000 15.000000
46.000000 15.000000
46.000000 19.000002
42.000000 19.000002
45.299999 15.300001
45.299999 15.100000
45.700001 15.100000
45.900002 15.300001
45.900002 15.700001
45.700001 15.700001
45.700001 15.400002
45.599998 15.300001
45.599998 18.700001
45.700001 18.600000
45.700001 18.300001
45.900002 18.300001
45.900002 18.700001
45.700001 18.900002
45.299999 18.900002
45.299999 18.700001
42.099998 18.300001
42.299999 18.300001
42.299999 18.600000
42.400002 18.700001
42.700001 18.700001
42.700001 18.900002
42.299999 18.900002
42.099998 18.700001
42.099998 15.300001
42.299999 15.100000
42.700001 15.100000
42.700001 15.300001
42.400002 15.300001
42.299999 15.400002
42.299999 15.700001
42.099998 15.700001
43.599998 16.600000
43.799999 16.600000
43.799999 16.700001
44.200001 16.700001
44.200001 16.600000
44.400002 16.600000
44.400002 16.800001
44.299999 16.800001
44.299999 17.200001
44.400002 17.200001
44.400002 17.400002
44.200001 17.400002
44.200001 17.300001
43.799999 17.300001
43.799999 17.400002
43.599998 17.400002
43.599998 17.200001
43.700001 17.200001
43.700001 16.800001
43.599998 16.800001
42.799999 15.400002
45.200001 15.400002
44.599998 16.000002
43.400002 16.000002
45.000000 16.400002
45.599998 15.800001
45.599998 18.200001
45.000000 17.600000
43.000000 16.400002
43.000000 17.600000
42.400002 18.200001
42.400002 15.800001
43.400002 18.000002
44.599998 18.000002
45.200001 18.600000
42.799999 18.600000
44.400002 16.900002
44.799999 16.700001
44.799999 17.300001
44.400002 17.100000
43.900002 17.400002
44.099998 17.400002
44.299999 17.900002
43.700001 17.900002
43.599998 16.900002
43.599998 17.100000
43.099998 17.300001
43.099998 16.700001
43.900002 16.600000
43.700001 16.100000
44.299999 16.100000
44.099998 16.600000
45.000000 6.000000
43.000000 6.000000
52.000000 14.000000
52.000000 20.000000
51.600002 1.900000
51.100002 1.700000
51.100002 2.300000
51.600002 2.100000
35.900002 2.200000
35.900002 1.800000
36.100002 1.800000
36.100002 2.200000
12.700001 3.400000
12.000000 0.600000
12.800000 0.600000
11.300000 1.500000
11.990003 1.200000
11.990003 2.800000
11.300000 2.500000
11.600000 0.700000
11.800000 0.700000
11.900001 0.800000
11.900001 1.000000
11.800000 1.100000
11.600000 1.100000
11.500000 1.000000
11.500000 0.800000
11.600000 2.900000
11.800000 2.900000
11.900001 3.000000
11.900001 3.200000
11.800000 3.300000
11.600000 3.300000
11.500000 3.200000
11.500000 3.000000
5.500000 -2.300000
7.300000 -2.300000
7.400000 -0.800000
7.500000 0.100000
7.700000 0.400000
8.500000 1.100000
9.300000 1.500000
10.200000 1.500000
11.100000 1.500000
11.100000 2.500000
9.100000 2.600000
7.200000 2.100000
6.500000 1.500000
5.800000 0.300000
5.400000 -1.000000
5.500000 -2.400000
7.300000 -2.400000
WALLS 840
0 6 -1 0.000000 0.000000 0 1 0 20 0 1.000000 1.000000
6 7 -1 0.000000 0.000000 0 1 0 20 0 1.000000 1.000000
7 1 -1 0.000000 0.000000 0 1 0 20 0 1.000000 1.000000
1 8 -1 0.000000 0.000000 0 1 0 20 0 1.000000 1.000000
8 2 -1 0.000000 0.000000 0 1 0 20 0 1.000000 1.000000
2 52 -1 0.000000 0.000000 0 1 0 20 0 1.000000 1.000000
52 52 -1 0.000000 0.000000 0 1 0 20 0 1.000000 1.000000
52 47 -1 0.000000 0.000000 0 1 0 20 0 1.000000 1.000000
47 47 1 0.500000 2.000000 1 1 1 9 0 1.000000 1.000000
47 546 1 0.500000 2.000000 1 1 1 9 0 1.000000 1.000000
546 53 -1 0.000000 0.000000 0 1 0 20 0 1.000000 1.000000
53 53 -1 0.000000 0.000000 0 1 0 20 0 1.000000 1.000000
53 53 -1 0.000000 0.000000 0 1 0 20 0 1.000000 1.000000
53 3 -1 0.000000 0.000000 0 1 0 20 0 1.000000 1.000000
3 55 -1 0.000000 0.000000 0 1 0 20 8 1.000000 1.000000
55 584 10 0.000000 1.310001 1 1 1 3 0 1.000000 1.000000
584 583 10 0.000000 1.310001 1 1 1 3 0 1.000000 1.000000
583 54 10 0.000000 1.310001 1 1 1 3 0 1.000000 1.000000
54 0 -1 0.000000 0.000000 0 1 0 20 8 1.000000 1.000000
25 30 -1 0.000000 0.000000 0 1 0 20 0 1.000000 1.000000
30 26 -1 0.000000 0.000000 0 1 0 20 0 1.000000 1.000000
26 27 3 0.000000 2.000000 1 1 1 1 0 1.000000 1.000000
27 31 -1 0.000000 0.000000 0 1 0 20 0 1.000000 1.000000
31 28 -1 0.000000 0.000000 0 1 0 20 0 1.000000 1.000000
28 25 -1 0.000000 0.000000 0 1 0 20 0 1.000000 1.000000
36 37 -1 0.000000 0.000000 0 1 0 20 0 1.000000 1.000000
37 38 5 0.000000 2.000000 1 1 1 1 0 1.000000 1.000000
38 39 -1 0.000000 0.000000 0 1 0 20 0 1.000000 1.000000
39 40 -1 0.000000 0.000000 0 1 0 20 0 1.000000 1.000000
40 41 -1 0.000000 0.000000 0 1 0 20 0 1.000000 1.000000
41 36 -1 0.000000 0.000000 0 1 0 20 0 1.000000 1.000000
47 47 -1 0.000000 0.000000 6 6 6 20 0 1.000000 1.000000
47 47 -1 0.000000 0.000000 1 6 1 20 0 1.000000 1.000000
109 110 14 0.000000 2.000000 1 1 1 1 0 1.000000 1.000000
110 111 14 0.000000 2.000000 1 1 1 1 0 1.000000 1.000000
111 112 14 0.000000 2.000000 1 1 1 1 0 1.000000 1.000000
112 109 14 0.000000 2.000000 1 1 1 1 0 1.000000 1.000000
548 549 53 0.250001 2.000000 1 1 1 9 0 1.000000 1.000000
549 550 53 0.250001 2.000000 1 1 1 9 0 1.000000 1.000000
550 551 53 0.250001 2.000000 1 1 1 9 0 1.000000 1.000000
551 548 53 0.250001 2.000000 1 1 1 9 0 1.000000 1.000000
552 553 -1 0.000000 0.000000 1 6 1 20 262176 1.000000 1.000000
553 554 -1 0.000000 0.000000 1 6 1 20 262176 1.000000 1.000000
554 555 -1 0.000000 0.000000 1 6 1 20 262176 1.000000 1.000000
555 556 -1 0.000000 0.000000 1 6 1 20 262176 1.000000 1.000000
556 557 -1 0.000000 0.000000 1 6 1 20 262176 1.000000 1.000000
557 558 -1 0.000000 0.000000 1 6 1 20 262176 1.000000 1.000000
558 559 -1 0.000000 0.000000 1 6 1 20 262176 1.000000 1.000000
559 552 -1 0.000000 0.000000 1 6 1 20 262176 1.000000 1.000000
560 561 -1 0.000000 0.000000 1 6 1 20 262176 1.000000 1.000000
561 562 -1 0.000000 0.000000 1 6 1 20 262176 1.000000 1.000000
562 563 -1 0.000000 0.000000 1 6 1 20 262176 1.000000 1.000000
563 564 -1 0.000000 0.000000 1 6 1 20 262176 1.000000 1.000000
564 565 -1 0.000000 0.000000 1 6 1 20 262176 1.000000 1.000000
565 566 -1 0.000000 0.000000 1 6 1 20 262176 1.000000 1.000000
566 567 -1 0.000000 0.000000 1 6 1 20 262176 1.000000 1.000000
567 560 -1 0.000000 0.000000 1 6 1 20 262176 1.000000 1.000000
568 569 54 0.000000 2.000000 1 1 1 1 0 1.000000 1.000000
569 570 54 0.000000 2.000000 1 1 1 1 0 1.000000 1.000000
570 571 54 0.000000 2.000000 1 1 1 1 0 1.000000 1.000000
571 572 54 0.000000 2.000000 1 1 1 1 0 1.000000 1.000000
572 573 54 0.000000 2.000000 1 1 1 1 0 1.000000 1.000000
573 574 54 0.000000 2.000000 1 1 1 1 0 1.000000 1.000000
574 575 54 0.000000 2.000000 1 1 1 1 0 1.000000 1.000000
575 576 54 0.000000 2.000000 1 1 1 1 0 1.000000 1.000000
576 577 54 0.000000 2.000000 1 1 1 1 0 1.000000 1.000000
577 578 54 0.000000 2.000000 1 1 1 1 0 1.000000 1.000000
578 579 54 0.000000 2.000000 1 1 1 1 0 1.000000 1.000000
579 580 54 0.000000 2.000000 1 1 1 1 0 1.000000 1.000000
580 581 54 0.000000 2.000000 1 1 1 1 0 1.000000 1.000000
581 582 54 0.000000 2.000000 1 1 1 1 0 1.000000 1.000000
582 568 54 0.000000 2.000000 1 1 1 1 0 1.000000 1.000000
47 545 -1 0.000000 0.000000 0 1 0 20 0 1.000000 1.000000
545 4 -1 0.000000 0.000000 0 1 0 20 0 1.000000 1.000000
4 82 -1 0.000000 0.000000 0 1 0 20 0 1.000000 1.000000
82 81 12 0.500000 2.000000 1 1 1 1 0 1.000000 1.000000
81 5 -1 0.000000 0.000000 0 1 0 20 0 1.000000 1.000000
5 547 -1 0.000000 0.000000 0 1 0 20 0 1.000000 1.000000
547 546 -1 0.000000 0.000000 0 1 0 20 0 1.000000 1.000000
546 47 0 0.500000 2.000000 1 1 1 1 0 1.000000 1.000000
47 47 0 0.500000 2.000000 0 0 0 1 0 1.000000 1.000000
9 10 -1 0.000000 0.000000 0 4 0 20 0 1.000000 1.000000
10 11 -1 0.000000 0.000000 0 4 0 20 0 1.000000 1.000000
11 11 -1 0.000000 0.000000 0 3 0 20 0 1.000000 1.000000
11 12 -1 0.000000 0.000000 0 4 0 20 0 1.000000 1.000000
12 9 -1 0.000000 0.000000 0 4 0 20 0 1.000000 1.000000
13 14 -1 0.000000 0.000000 0 4 0 20 0 1.000000 1.000000
14 15 -1 0.000000 0.000000 0 4 0 20 0 1.000000 1.000000
15 16 -1 0.000000 0.000000 0 4 0 20 0 1.000000 1.000000
16 13 -1 0.000000 0.000000 0 4 0 20 0 1.000000 1.000000
17 18 -1 0.000000 0.000000 0 4 0 20 7340032 1.000000 1.000000
18 19 -1 0.000000 0.000000 0 4 0 20 7340032 1.000000 1.000000
19 20 -1 0.000000 0.000000 0 4 0 20 7340032 1.000000 1.000000
20 17 -1 0.000000 0.000000 0 4 0 20 7340032 1.000000 1.000000
21 22 2 0.900000 1.500000 1 1 1 11 0 1.000000 1.000000
22 23 2 0.900000 1.500000 1 1 1 11 0 1.000000 1.000000
23 24 2 0.900000 1.500000 1 1 1 11 0 1.000000 1.000000
24 21 2 0.900000 1.500000 1 1 1 11 0 1.000000 1.000000
47 47 0 0.500000 2.000000 1 1 1 1 0 1.000000 1.000000
47 47 0 0.500000 2.000000 1 1 1 1 0 1.000000 1.000000
113 114 15 0.500000 2.000000 4 4 4 1 6291456 1.000000 1.000000
114 115 15 0.500000 2.000000 4 4 4 1 6291456 1.000000 1.000000
115 116 15 0.500000 2.000000 4 4 4 1 6291456 1.000000 1.000000
116 117 15 0.500000 2.000000 4 4 4 1 6291456 1.000000 1.000000
117 118 15 0.500000 2.000000 4 4 4 1 6291456 1.000000 1.000000
118 119 15 0.500000 2.000000 4 4 4 1 6291456 1.000000 1.000000
119 120 15 0.500000 2.000000 4 4 4 1 6291456 1.000000 1.000000
120 113 15 0.500000 2.000000 4 4 4 1 6291456 1.000000 1.000000
21 24 1 0.900000 1.500000 3 3 3 1 0 1.000000 1.000000
24 23 1 0.900000 1.500000 0 0 0 1 0 1.000000 1.000000
23 22 1 0.900000 1.500000 3 3 3 1 0 1.000000 1.000000
22 21 1 0.900000 1.500000 3 3 3 1 0 1.000000 1.000000
48 49 6 0.900000 1.500000 1 1 1 1 0 1.000000 1.000000
49 50 6 0.900000 1.500000 1 1 1 1 0 1.000000 1.000000
50 51 6 0.900000 1.500000 1 1 1 1 0 1.000000 1.000000
51 48 6 0.900000 1.500000 1 1 1 1 0 1.000000 1.000000
29 32 -1 0.000000 0.000000 0 1 0 20 0 1.000000 1.000000
32 35 4 0.000000 2.000000 0 0 0 1 0 1.000000 1.000000
35 27 -1 0.000000 0.000000 0 1 0 20 0 1.000000 1.000000
27 26 0 0.000000 2.000000 0 0 0 1 0 1.000000 1.000000
26 29 -1 0.000000 0.000000 0 1 0 20 0 1.000000 1.000000
32 33 -1 0.000000 0.000000 0 1 0 20 0 1.000000 1.000000
33 34 5 0.000000 2.000000 0 0 0 1 0 1.000000 1.000000
34 35 -1 0.000000 0.000000 0 1 0 20 0 1.000000 1.000000
35 32 3 0.000000 2.000000 1 1 1 1 0 1.000000 1.000000
34 33 4 0.000000 2.000000 0 0 0 1 0 1.000000 1.000000
33 42 -1 0.000000 0.000000 0 1 0 20 0 1.000000 1.000000
42 103 -1 0.000000 0.000000 0 1 0 20 0 1.000000 1.000000
103 102 -1 0.000000 0.000000 0 1 0 20 0 1.000000 1.000000
102 99 -1 0.000000 0.000000 0 1 0 20 0 1.000000 1.000000
99 88 -1 0.000000 0.000000 0 1 0 20 0 1.000000 1.000000
88 89 13 0.000000 2.000000 1 1 1 1 0 1.000000 1.000000
89 98 -1 0.000000 0.000000 0 1 0 20 0 1.000000 1.000000
98 100 -1 0.000000 0.000000 0 1 0 20 0 1.000000 1.000000
100 101 -1 0.000000 0.000000 0 1 0 20 0 1.000000 1.000000
101 46 -1 0.000000 0.000000 0 1 0 20 0 1.000000 1.000000
46 38 -1 0.000000 0.000000 0 1 0 20 0 1.000000 1.000000
38 37 0 0.000000 2.000000 0 0 0 1 0 1.000000 1.000000
37 45 -1 0.000000 0.000000 0 1 0 20 0 1.000000 1.000000
45 43 -1 0.000000 0.000000 0 1 0 20 0 1.000000 1.000000
43 44 -1 0.000000 0.000000 0 1 0 20 0 1.000000 1.000000
44 34 -1 0.000000 0.000000 0 1 0 20 0 1.000000 1.000000
104 105 -1 0.000000 0.000000 1 1 1 20 0 1.000000 1.000000
105 106 -1 0.000000 0.000000 1 1 1 20 0 1.000000 1.000000
106 107 -1 0.000000 0.000000 1 1 1 20 0 1.000000 1.000000
107 104 -1 0.000000 0.000000 1 1 1 20 0 1.000000 1.000000
48 51 2 0.900000 1.500000 1 1 1 11 0 1.000000 1.000000
51 50 2 0.900000 1.500000 1 1 1 11 0 1.000000 1.000000
50 49 2 0.900000 1.500000 1 1 1 11 0 1.000000 1.000000
49 48 2 0.900000 1.500000 1 1 1 11 0 1.000000 1.000000
56 57 10 0.000000 1.310001 1 1 1 3 0 1.000000 1.000000
57 58 -1 0.000000 0.000000 1 1 1 20 8 1.000000 1.000000
58 59 -1 0.000000 0.000000 1 1 1 20 8 1.000000 1.000000
59 71 -1 0.000000 0.000000 1 1 1 20 8 1.000000 1.000000
71 76 -1 0.000000 0.000000 1 1 1 20 7340032 1.000000 1.000000
76 75 -1 0.000000 0.000000 1 5 1 20 7340032 1.000000 1.000000
75 72 -1 0.000000 0.000000 1 1 1 20 7340032 1.000000 1.000000
72 60 -1 0.000000 0.000000 1 1 1 20 8 1.000000 1.000000
60 61 -1 0.000000 0.000000 1 1 1 20 8 1.000000 1.000000
61 62 -1 0.000000 0.000000 1 1 1 20 8 1.000000 1.000000
62 63 -1 0.000000 0.000000 1 1 1 20 8 1.000000 1.000000
63 64 -1 0.000000 0.000000 1 1 1 20 8 1.000000 1.000000
64 65 -1 0.000000 0.000000 1 1 1 20 8 1.000000 1.000000
65 67 -1 0.000000 0.000000 1 1 1 20 8 1.000000 1.000000
67 68 -1 0.000000 0.000000 1 1 1 20 7340032 1.000000 1.000000
68 69 -1 0.000000 0.000000 1 5 1 20 7340032 1.000000 1.000000
69 70 -1 0.000000 0.000000 1 1 1 20 7340032 1.000000 1.000000
70 66 -1 0.000000 0.000000 1 1 1 20 8 1.000000 1.000000
66 56 -1 0.000000 0.000000 1 1 1 20 8 1.000000 1.000000
67 73 8 0.000000 1.600000 1 1 1 1 0 1.000000 1.000000
73 74 8 0.000000 1.600000 1 1 1 1 0 1.000000 1.000000
74 70 8 0.000000 1.600000 1 1 1 1 0 1.000000 1.000000
70 67 8 0.000000 1.600000 1 1 1 1 0 1.000000 1.000000
72 71 9 0.000000 1.600000 1 1 1 1 0 1.000000 1.000000
71 77 9 0.000000 1.600000 1 1 1 1 0 1.000000 1.000000
77 78 9 0.000000 1.600000 1 1 1 1 0 1.000000 1.000000
78 72 9 0.000000 1.600000 1 1 1 1 0 1.000000 1.000000
67 70 7 0.000000 1.600000 1 1 1 1 0 1.000000 1.000000
70 74 7 0.000000 1.600000 1 1 1 1 0 1.000000 1.000000
74 73 7 0.000000 1.600000 1 1 1 1 0 1.000000 1.000000
73 67 7 0.000000 1.600000 1 1 1 1 0 1.000000 1.000000
72 78 7 0.000000 1.600000 1 1 1 1 0 1.000000 1.000000
78 77 7 0.000000 1.600000 1 1 1 1 0 1.000000 1.000000
77 71 7 0.000000 1.600000 1 1 1 1 0 1.000000 1.000000
71 72 7 0.000000 1.600000 1 1 1 1 0 1.000000 1.000000
54 583 0 0.000000 1.310001 1 1 1 1 0 1.000000 1.000000
583 584 0 0.000000 1.310001 1 1 1 1 0 1.000000 1.000000
584 55 0 0.000000 1.310001 1 1 1 1 0 1.000000 1.000000
55 57 -1 0.000000 0.000000 1 1 1 20 8 1.000000 1.000000
57 56 7 0.000000 1.310001 1 1 1 1 0 1.000000 1.000000
56 54 -1 0.000000 0.000000 1 1 1 20 8 1.000000 1.000000
79 80 12 0.300000 2.000000 1 1 1 9 0 1.000000 1.000000
80 258 -1 0.000000 0.000000 1 1 1 20 0 1.000000 1.000000
258 257 16 0.100000 1.400000 1 1 1 3 0 1.000000 1.000000
257 79 -1 0.000000 0.000000 1 1 1 20 0 1.000000 1.000000
81 82 1 0.500000 2.000000 1 1 1 9 0 1.000000 1.000000
82 80 -1 0.000000 0.000000 1 1 1 20 0 1.000000 1.000000
80 79 11 0.300000 2.000000 1 1 1 1 0 1.000000 1.000000
79 81 -1 0.000000 0.000000 1 1 1 20 0 1.000000 1.000000
536 83 -1 0.000000 0.000000 1 1 1 20 0 1.000000 1.000000
83 84 -1 0.000000 0.000000 1 1 1 20 0 1.000000 1.000000
84 90 -1 0.000000 0.000000 1 1 1 20 0 1.000000 1.000000
90 92 -1 0.000000 0.000000 1 1 1 20 0 1.000000 1.000000
92 108 -1 0.000000 0.000000 1 1 1 20 0 1.000000 1.000000
108 95 -1 0.000000 0.000000 1 1 1 20 0 1.000000 1.000000
95 94 -1 0.000000 0.000000 1 1 1 20 0 1.000000 1.000000
94 89 -1 0.000000 0.000000 1 1 1 20 0 1.000000 1.000000
89 88 5 0.000000 2.000000 1 1 1 1 0 1.000000 1.000000
88 97 -1 0.000000 0.000000 1 1 1 20 0 1.000000 1.000000
97 96 -1 0.000000 0.000000 1 1 1 20 0 1.000000 1.000000
96 93 -1 0.000000 0.000000 1 1 1 20 0 1.000000 1.000000
93 91 -1 0.000000 0.000000 1 1 1 20 0 1.000000 1.000000
91 87 -1 0.000000 0.000000 1 1 1 20 0 1.000000 1.000000
87 85 -1 0.000000 0.000000 1 1 1 20 0 1.000000 1.000000
85 86 -1 0.000000 0.000000 1 1 1 20 0 1.000000 1.000000
86 535 -1 0.000000 0.000000 1 1 1 20 0 1.000000 1.000000
535 536 39 0.000000 1.400000 1 1 1 3 0 1.000000 1.000000
109 112 0 0.000000 2.000000 1 1 1 1 0 1.000000 1.000000
112 111 0 0.000000 2.000000 1 1 1 1 0 1.000000 1.000000
111 110 0 0.000000 2.000000 1 1 1 1 0 1.000000 1.000000
110 109 0 0.000000 2.000000 1 1 1 1 0 1.000000 1.000000
113 120 1 0.500000 2.000000 1 1 1 1 6291456 1.000000 1.000000
120 119 1 0.500000 2.000000 1 1 1 1 6291456 1.000000 1.000000
119 118 1 0.500000 2.000000 1 1 1 1 6291456 1.000000 1.000000
118 117 1 0.500000 2.000000 1 1 1 1 6291456 1.000000 1.000000
117 116 1 0.500000 2.000000 1 1 1 1 6291456 1.000000 1.000000
116 115 1 0.500000 2.000000 1 1 1 1 6291456 1.000000 1.000000
115 114 1 0.500000 2.000000 1 1 1 1 6291456 1.000000 1.000000
114 113 1 0.500000 2.000000 1 1 1 1 6291456 1.000000 1.000000
121 257 -1 0.000000 0.000000 0 2 0 20 0 1.000000 1.000000
257 258 11 0.100000 1.400000 2 2 2 9 0 1.000000 1.000000
258 122 -1 0.000000 0.000000 0 2 0 20 0 1.000000 1.000000
122 123 -1 0.000000 0.000000 0 2 0 20 0 1.000000 1.000000
123 124 -1 0.000000 0.000000 0 2 0 20 0 1.000000 1.000000
124 125 -1 0.000000 0.000000 0 2 0 20 0 1.000000 1.000000
125 394 -1 0.000000 0.000000 0 2 0 20 0 1.000000 1.000000
394 393 37 0.000000 1.400000 2 2 2 9 0 1.000000 1.000000
393 126 -1 0.000000 0.000000 0 2 0 20 0 1.000000 1.000000
126 127 -1 0.000000 0.000000 0 2 0 20 0 1.000000 1.000000
127 128 -1 0.000000 0.000000 0 2 0 20 0 1.000000 1.000000
128 121 -1 0.000000 0.000000 0 2 0 20 0 1.000000 1.000000
129 130 -1 0.000000 0.000000 0 1 0 20 0 1.000000 1.000000
130 131 -1 0.000000 0.000000 0 1 0 20 0 1.000000 1.000000
131 132 -1 0.000000 0.000000 0 1 0 20 0 1.000000 1.000000
132 133 -1 0.000000 0.000000 0 1 0 20 0 1.000000 1.000000
133 134 -1 0.000000 0.000000 0 1 0 20 0 1.000000 1.000000
134 129 -1 0.000000 0.000000 0 1 0 20 0 1.000000 1.000000
135 136 -1 0.000000 0.000000 0 1 0 20 0 1.000000 1.000000
136 137 -1 0.000000 0.000000 0 1 0 20 0 1.000000 1.000000
137 138 -1 0.000000 0.000000 0 1 0 20 0 1.000000 1.000000
138 139 -1 0.000000 0.000000 0 1 0 20 0 1.000000 1.000000
139 140 -1 0.000000 0.000000 0 1 0 20 0 1.000000 1.000000
140 135 -1 0.000000 0.000000 0 1 0 20 0 1.000000 1.000000
141 142 -1 0.000000 0.000000 0 1 0 20 0 1.000000 1.000000
142 143 -1 0.000000 0.000000 0 1 0 20 0 1.000000 1.000000
143 144 -1 0.000000 0.000000 0 1 0 20 0 1.000000 1.000000
144 145 -1 0.000000 0.000000 0 1 0 20 0 1.000000 1.000000
145 146 -1 0.000000 0.000000 0 1 0 20 0 1.000000 1.000000
146 141 -1 0.000000 0.000000 0 1 0 20 0 1.000000 1.000000
147 148 -1 0.000000 0.000000 0 1 0 20 0 1.000000 1.000000
148 149 -1 0.000000 0.000000 0 1 0 20 0 1.000000 1.000000
149 150 -1 0.000000 0.000000 0 1 0 20 0 1.000000 1.000000
150 151 -1 0.000000 0.000000 0 1 0 20 0 1.000000 1.000000
151 152 -1 0.000000 0.000000 0 1 0 20 0 1.000000 1.000000
152 147 -1 0.000000 0.000000 0 1 0 20 0 1.000000 1.000000
153 154 17 0.000000 1.400000 2 2 2 9 0 1.000000 1.000000
154 155 17 0.000000 1.400000 2 2 2 9 0 1.000000 1.000000
155 156 17 0.000000 1.400000 2 2 2 9 0 1.000000 1.000000
156 157 17 0.000000 1.400000 2 2 2 9 0 1.000000 1.000000
157 158 17 0.000000 1.400000 2 2 2 9 0 1.000000 1.000000
158 159 17 0.000000 1.400000 2 2 2 9 0 1.000000 1.000000
159 160 17 0.000000 1.400000 2 2 2 9 0 1.000000 1.000000
160 161 17 0.000000 1.400000 2 2 2 9 0 1.000000 1.000000
161 162 17 0.000000 1.400000 2 2 2 9 0 1.000000 1.000000
162 163 17 0.000000 1.400000 2 2 2 9 0 1.000000 1.000000
163 164 17 0.000000 1.400000 2 2 2 9 0 1.000000 1.000000
164 165 17 0.000000 1.400000 2 2 2 9 0 1.000000 1.000000
165 166 17 0.000000 1.400000 2 2 2 9 0 1.000000 1.000000
166 167 17 0.000000 1.400000 2 2 2 9 0 1.000000 1.000000
167 168 17 0.000000 1.400000 2 2 2 9 0 1.000000 1.000000
168 153 17 0.000000 1.400000 2 2 2 9 0 1.000000 1.000000
153 168 16 0.000000 1.400000 1 1 1 3 0 1.000000 1.000000
168 167 16 0.000000 1.400000 1 1 1 3 0 1.000000 1.000000
167 166 16 0.000000 1.400000 1 1 1 3 0 1.000000 1.000000
166 165 16 0.000000 1.400000 1 1 1 3 0 1.000000 1.000000
165 164 16 0.000000 1.400000 1 1 1 3 0 1.000000 1.000000
164 163 16 0.000000 1.400000 1 1 1 3 0 1.000000 1.000000
163 162 16 0.000000 1.400000 1 1 1 3 0 1.000000 1.000000
162 161 16 0.000000 1.400000 1 1 1 3 0 1.000000 1.000000
161 160 16 0.000000 1.400000 1 1 1 3 0 1.000000 1.000000
160 159 16 0.000000 1.400000 1 1 1 3 0 1.000000 1.000000
159 158 16 0.000000 1.400000 1 1 1 3 0 1.000000 1.000000
158 157 16 0.000000 1.400000 1 1 1 3 0 1.000000 1.000000
157 156 16 0.000000 1.400000 1 1 1 3 0 1.000000 1.000000
156 155 16 0.000000 1.400000 1 1 1 3 0 1.000000 1.000000
155 154 16 0.000000 1.400000 1 1 1 3 0 1.000000 1.000000
154 153 16 0.000000 1.400000 1 1 1 3 0 1.000000 1.000000
169 170 18 0.200000 1.800000 1 1 1 11 0 1.000000 1.000000
170 171 18 0.200000 1.800000 1 1 1 11 0 1.000000 1.000000
171 172 18 0.200000 1.800000 1 1 1 11 0 1.000000 1.000000
172 169 18 0.200000 1.800000 1 1 1 11 0 1.000000 1.000000
169 172 17 0.200000 1.800000 1 1 1 1 0 1.000000 1.000000
172 171 17 0.200000 1.800000 1 1 1 1 0 1.000000 1.000000
171 170 17 0.200000 1.800000 1 1 1 1 0 1.000000 1.000000
170 169 17 0.200000 1.800000 1 1 1 1 0 1.000000 1.000000
173 174 -1 0.000000 0.000000 0 1 0 20 0 1.000000 1.000000
174 175 -1 0.000000 0.000000 0 1 0 20 0 1.000000 1.000000
175 176 -1 0.000000 0.000000 0 1 0 20 0 1.000000 1.000000
176 177 -1 0.000000 0.000000 0 1 0 20 0 1.000000 1.000000
177 178 -1 0.000000 0.000000 0 1 0 20 0 1.000000 1.000000
178 179 -1 0.000000 0.000000 0 1 0 20 0 1.000000 1.000000
179 180 -1 0.000000 0.000000 0 1 0 20 0 1.000000 1.000000
180 173 -1 0.000000 0.000000 0 1 0 20 0 1.000000 1.000000
181 182 -1 0.000000 0.000000 0 1 0 20 0 1.000000 1.000000
182 183 -1 0.000000 0.000000 0 1 0 20 0 1.000000 1.000000
183 184 -1 0.000000 0.000000 0 1 0 20 0 1.000000 1.000000
184 185 -1 0.000000 0.000000 0 1 0 20 0 1.000000 1.000000
185 186 -1 0.000000 0.000000 0 1 0 20 0 1.000000 1.000000
186 187 -1 0.000000 0.000000 0 1 0 20 0 1.000000 1.000000
187 188 -1 0.000000 0.000000 0 1 0 20 0 1.000000 1.000000
188 181 -1 0.000000 0.000000 0 1 0 20 0 1.000000 1.000000
189 190 -1 0.000000 0.000000 0 1 0 20 0 1.000000 1.000000
190 191 -1 0.000000 0.000000 0 1 0 20 0 1.000000 1.000000
191 192 -1 0.000000 0.000000 0 1 0 20 0 1.000000 1.000000
192 193 -1 0.000000 0.000000 0 1 0 20 0 1.000000 1.000000
193 194 -1 0.000000 0.000000 0 1 0 20 0 1.000000 1.000000
194 195 -1 0.000000 0.000000 0 1 0 20 0 1.000000 1.000000
195 196 -1 0.000000 0.000000 0 1 0 20 0 1.000000 1.000000
196 189 -1 0.000000 0.000000 0 1 0 20 0 1.000000 1.000000
197 198 -1 0.000000 0.000000 0 1 0 20 0 1.000000 1.000000
198 199 -1 0.000000 0.000000 0 1 0 20 0 1.000000 1.000000
199 200 -1 0.000000 0.000000 0 1 0 20 0 1.000000 1.000000
200 201 -1 0.000000 0.000000 0 1 0 20 0 1.000000 1.000000
201 202 -1 0.000000 0.000000 0 1 0 20 0 1.000000 1.000000
202 203 -1 0.000000 0.000000 0 1 0 20 0 1.000000 1.000000
203 204 -1 0.000000 0.000000 0 1 0 20 0 1.000000 1.000000
204 197 -1 0.000000 0.000000 0 1 0 20 0 1.000000 1.000000
205 206 -1 0.000000 0.000000 0 1 0 20 0 1.000000 1.000000
206 207 -1 0.000000 0.000000 0 1 0 20 0 1.000000 1.000000
207 208 -1 0.000000 0.000000 0 4 0 20 7340032 1.000000 1.000000
208 209 -1 0.000000 0.000000 0 1 0 20 0 1.000000 1.000000
209 210 -1 0.000000 0.000000 0 1 0 20 0 1.000000 1.000000
210 211 -1 0.000000 0.000000 0 1 0 20 0 1.000000 1.000000
211 212 -1 0.000000 0.000000 0 1 0 20 0 1.000000 1.000000
212 213 52 0.200000 1.800000 4 4 4 1 7340032 1.000000 1.000000
213 214 -1 0.000000 0.000000 0 1 0 20 0 1.000000 1.000000
214 215 -1 0.000000 0.000000 0 1 0 20 0 1.000000 1.000000
215 216 -1 0.000000 0.000000 0 1 0 20 0 1.000000 1.000000
216 217 -1 0.000000 0.000000 0 1 0 20 0 1.000000 1.000000
217 218 -1 0.000000 0.000000 0 4 0 20 7340032 1.000000 1.000000
218 219 -1 0.000000 0.000000 0 1 0 20 0 1.000000 1.000000
219 220 -1 0.000000 0.000000 0 1 0 20 0 1.000000 1.000000
220 221 -1 0.000000 0.000000 0 1 0 20 0 1.000000 1.000000
221 222 -1 0.000000 0.000000 0 1 0 20 0 1.000000 1.000000
222 223 51 0.200000 1.800000 4 4 4 1 7340032 1.000000 1.000000
223 224 -1 0.000000 0.000000 0 1 0 20 0 1.000000 1.000000
224 205 -1 0.000000 0.000000 0 1 0 20 0 1.000000 1.000000
225 226 19 0.200000 1.800000 1 1 1 1 0 1.000000 1.000000
226 227 19 0.200000 1.800000 1 1 1 1 0 1.000000 1.000000
227 228 19 0.200000 1.800000 1 1 1 1 0 1.000000 1.000000
228 225 19 0.200000 1.800000 1 1 1 1 0 1.000000 1.000000
229 230 20 0.200000 1.800000 1 1 1 1 0 1.000000 1.000000
230 231 20 0.200000 1.800000 1 1 1 1 0 1.000000 1.000000
231 232 20 0.200000 1.800000 1 1 1 1 0 1.000000 1.000000
232 229 20 0.200000 1.800000 1 1 1 1 0 1.000000 1.000000
233 234 21 0.200000 1.800000 1 1 1 1 0 1.000000 1.000000
234 235 21 0.200000 1.800000 1 1 1 1 0 1.000000 1.000000
235 236 21 0.200000 1.800000 1 1 1 1 0 1.000000 1.000000
236 233 21 0.200000 1.800000 1 1 1 1 0 1.000000 1.000000
237 238 22 0.200000 1.800000 1 1 1 1 0 1.000000 1.000000
238 239 22 0.200000 1.800000 1 1 1 1 0 1.000000 1.000000
239 240 22 0.200000 1.800000 1 1 1 1 0 1.000000 1.000000
240 237 22 0.200000 1.800000 1 1 1 1 0 1.000000 1.000000
241 242 23 0.200000 1.800000 1 1 1 1 0 1.000000 1.000000
242 243 23 0.200000 1.800000 1 1 1 1 0 1.000000 1.000000
243 244 23 0.200000 1.800000 1 1 1 1 0 1.000000 1.000000
244 241 23 0.200000 1.800000 1 1 1 1 0 1.000000 1.000000
245 246 24 0.200000 1.800000 1 1 1 1 0 1.000000 1.000000
246 247 24 0.200000 1.800000 1 1 1 1 0 1.000000 1.000000
247 248 24 0.200000 1.800000 1 1 1 1 0 1.000000 1.000000
248 245 24 0.200000 1.800000 1 1 1 1 0 1.000000 1.000000
249 250 25 0.200000 1.800000 1 1 1 1 0 1.000000 1.000000
250 251 25 0.200000 1.800000 1 1 1 1 0 1.000000 1.000000
251 252 25 0.200000 1.800000 1 1 1 1 0 1.000000 1.000000
252 249 25 0.200000 1.800000 1 1 1 1 0 1.000000 1.000000
253 254 26 0.200000 1.800000 1 1 1 1 0 1.000000 1.000000
254 255 26 0.200000 1.800000 1 1 1 1 0 1.000000 1.000000
255 256 26 0.200000 1.800000 1 1 1 1 0 1.000000 1.000000
256 253 26 0.200000 1.800000 1 1 1 1 0 1.000000 1.000000
225 228 18 0.200000 1.800000 1 1 1 3 0 1.000000 1.000000
228 227 18 0.200000 1.800000 1 1 1 3 0 1.000000 1.000000
227 226 18 0.200000 1.800000 1 1 1 3 0 1.000000 1.000000
226 225 18 0.200000 1.800000 1 1 1 3 0 1.000000 1.000000
229 232 18 0.200000 1.800000 1 1 1 3 0 1.000000 1.000000
232 231 18 0.200000 1.800000 1 1 1 3 0 1.000000 1.000000
231 230 18 0.200000 1.800000 1 1 1 3 0 1.000000 1.000000
230 229 18 0.200000 1.800000 1 1 1 3 0 1.000000 1.000000
233 236 18 0.200000 1.800000 1 1 1 3 0 1.000000 1.000000
236 235 18 0.200000 1.800000 1 1 1 3 0 1.000000 1.000000
235 234 18 0.200000 1.800000 1 1 1 3 0 1.000000 1.000000
234 233 18 0.200000 1.800000 1 1 1 3 0 1.000000 1.000000
237 240 18 0.200000 1.800000 1 1 1 3 0 1.000000 1.000000
240 239 18 0.200000 1.800000 1 1 1 3 0 1.000000 1.000000
239 238 18 0.200000 1.800000 1 1 1 3 0 1.000000 1.000000
238 237 18 0.200000 1.800000 1 1 1 3 0 1.000000 1.000000
241 244 18 0.200000 1.800000 1 1 1 1 0 1.000000 1.000000
244 243 18 0.200000 1.800000 1 1 1 1 0 1.000000 1.000000
243 242 18 0.200000 1.800000 1 1 1 1 0 1.000000 1.000000
242 241 18 0.200000 1.800000 1 1 1 1 0 1.000000 1.000000
245 248 18 0.200000 1.800000 1 1 1 1 0 1.000000 1.000000
248 247 18 0.200000 1.800000 1 1 1 1 0 1.000000 1.000000
247 246 18 0.200000 1.800000 1 1 1 1 0 1.000000 1.000000
246 245 18 0.200000 1.800000 1 1 1 1 0 1.000000 1.000000
249 252 18 0.200000 1.800000 1 1 1 1 0 1.000000 1.000000
252 251 18 0.200000 1.800000 1 1 1 1 0 1.000000 1.000000
251 250 18 0.200000 1.800000 1 1 1 1 0 1.000000 1.000000
250 249 18 0.200000 1.800000 1 1 1 1 0 1.000000 1.000000
253 256 18 0.200000 1.800000 1 1 1 1 0 1.000000 1.000000
256 255 18 0.200000 1.800000 1 1 1 1 0 1.000000 1.000000
255 254 18 0.200000 1.800000 1 1 1 1 0 1.000000 1.000000
254 253 18 0.200000 1.800000 1 1 1 1 0 1.000000 1.000000
259 260 -1 0.000000 0.000000 0 2 0 20 0 1.000000 1.000000
260 261 37 0.000000 1.400000 2 2 2 9 0 1.000000 1.000000
261 262 -1 0.000000 0.000000 0 2 0 20 0 1.000000 1.000000
262 263 -1 0.000000 0.000000 0 2 0 20 0 1.000000 1.000000
263 264 -1 0.000000 0.000000 0 2 0 20 0 1.000000 1.000000
264 265 -1 0.000000 0.000000 0 2 0 20 0 1.000000 1.000000
265 266 -1 0.000000 0.000000 0 2 0 20 0 1.000000 1.000000
266 267 -1 0.000000 0.000000 0 2 0 20 0 1.000000 1.000000
267 268 -1 0.000000 0.000000 0 2 0 20 0 1.000000 1.000000
268 259 -1 0.000000 0.000000 0 2 0 20 0 1.000000 1.000000
269 270 -1 0.000000 0.000000 0 1 0 20 0 1.000000 1.000000
270 271 -1 0.000000 0.000000 0 1 0 20 0 1.000000 1.000000
271 272 -1 0.000000 0.000000 0 1 0 20 0 1.000000 1.000000
272 273 -1 0.000000 0.000000 0 1 0 20 0 1.000000 1.000000
273 274 -1 0.000000 0.000000 0 1 0 20 0 1.000000 1.000000
274 269 -1 0.000000 0.000000 0 1 0 20 0 1.000000 1.000000
275 276 -1 0.000000 0.000000 0 1 0 20 0 1.000000 1.000000
276 277 -1 0.000000 0.000000 0 1 0 20 0 1.000000 1.000000
277 278 -1 0.000000 0.000000 0 1 0 20 0 1.000000 1.000000
278 279 -1 0.000000 0.000000 0 1 0 20 0 1.000000 1.000000
279 280 -1 0.000000 0.000000 0 1 0 20 0 1.000000 1.000000
280 275 -1 0.000000 0.000000 0 1 0 20 0 1.000000 1.000000
281 282 -1 0.000000 0.000000 0 1 0 20 0 1.000000 1.000000
282 283 -1 0.000000 0.000000 0 1 0 20 0 1.000000 1.000000
283 284 -1 0.000000 0.000000 0 1 0 20 0 1.000000 1.000000
284 285 -1 0.000000 0.000000 0 1 0 20 0 1.000000 1.000000
285 286 -1 0.000000 0.000000 0 1 0 20 0 1.000000 1.000000
286 281 -1 0.000000 0.000000 0 1 0 20 0 1.000000 1.000000
287 288 -1 0.000000 0.000000 0 1 0 20 0 1.000000 1.000000
288 289 -1 0.000000 0.000000 0 1 0 20 0 1.000000 1.000000
289 290 -1 0.000000 0.000000 0 1 0 20 0 1.000000 1.000000
290 291 -1 0.000000 0.000000 0 1 0 20 0 1.000000 1.000000
291 292 -1 0.000000 0.000000 0 1 0 20 0 1.000000 1.000000
292 287 -1 0.000000 0.000000 0 1 0 20 0 1.000000 1.000000
293 294 28 0.000000 1.400000 2 2 2 9 0 1.000000 1.000000
294 295 28 0.000000 1.400000 2 2 2 9 0 1.000000 1.000000
295 296 28 0.000000 1.400000 2 2 2 9 0 1.000000 1.000000
296 297 28 0.000000 1.400000 2 2 2 9 0 1.000000 1.000000
297 298 28 0.000000 1.400000 2 2 2 9 0 1.000000 1.000000
298 299 28 0.000000 1.400000 2 2 2 9 0 1.000000 1.000000
299 300 28 0.000000 1.400000 2 2 2 9 0 1.000000 1.000000
300 301 28 0.000000 1.400000 2 2 2 9 0 1.000000 1.000000
301 302 28 0.000000 1.400000 2 2 2 9 0 1.000000 1.000000
302 303 28 0.000000 1.400000 2 2 2 9 0 1.000000 1.000000
303 304 28 0.000000 1.400000 2 2 2 9 0 1.000000 1.000000
304 305 28 0.000000 1.400000 2 2 2 9 0 1.000000 1.000000
305 306 28 0.000000 1.400000 2 2 2 9 0 1.000000 1.000000
306 307 28 0.000000 1.400000 2 2 2 9 0 1.000000 1.000000
307 308 28 0.000000 1.400000 2 2 2 9 0 1.000000 1.000000
308 293 28 0.000000 1.400000 2 2 2 9 0 1.000000 1.000000
293 308 27 0.000000 1.400000 1 1 1 3 0 1.000000 1.000000
308 307 27 0.000000 1.400000 1 1 1 3 0 1.000000 1.000000
307 306 27 0.000000 1.400000 1 1 1 3 0 1.000000 1.000000
306 305 27 0.000000 1.400000 1 1 1 3 0 1.000000 1.000000
305 304 27 0.000000 1.400000 1 1 1 3 0 1.000000 1.000000
304 303 27 0.000000 1.400000 1 1 1 3 0 1.000000 1.000000
303 302 27 0.000000 1.400000 1 1 1 3 0 1.000000 1.000000
302 301 27 0.000000 1.400000 1 1 1 3 0 1.000000 1.000000
301 300 27 0.000000 1.400000 1 1 1 3 0 1.000000 1.000000
300 299 27 0.000000 1.400000 1 1 1 3 0 1.000000 1.000000
299 298 27 0.000000 1.400000 1 1 1 3 0 1.000000 1.000000
298 297 27 0.000000 1.400000 1 1 1 3 0 1.000000 1.000000
297 296 27 0.000000 1.400000 1 1 1 3 0 1.000000 1.000000
296 295 27 0.000000 1.400000 1 1 1 3 0 1.000000 1.000000
295 294 27 0.000000 1.400000 1 1 1 3 0 1.000000 1.000000
294 293 27 0.000000 1.400000 1 1 1 3 0 1.000000 1.000000
309 310 29 0.200000 1.800000 1 1 1 11 0 1.000000 1.000000
310 311 29 0.200000 1.800000 1 1 1 11 0 1.000000 1.000000
311 312 29 0.200000 1.800000 1 1 1 11 0 1.000000 1.000000
312 309 29 0.200000 1.800000 1 1 1 11 0 1.000000 1.000000
309 312 28 0.200000 1.800000 1 1 1 1 0 1.000000 1.000000
312 311 28 0.200000 1.800000 1 1 1 1 0 1.000000 1.000000
311 310 28 0.200000 1.800000 1 1 1 1 0 1.000000 1.000000
310 309 28 0.200000 1.800000 1 1 1 1 0 1.000000 1.000000
313 314 -1 0.000000 0.000000 0 1 0 20 0 1.000000 1.000000
314 315 -1 0.000000 0.000000 0 1 0 20 0 1.000000 1.000000
315 316 -1 0.000000 0.000000 0 1 0 20 0 1.000000 1.000000
316 317 -1 0.000000 0.000000 0 1 0 20 0 1.000000 1.000000
317 318 -1 0.000000 0.000000 0 1 0 20 0 1.000000 1.000000
318 319 -1 0.000000 0.000000 0 1 0 20 0 1.000000 1.000000
319 320 -1 0.000000 0.000000 0 1 0 20 0 1.000000 1.000000
320 313 -1 0.000000 0.000000 0 1 0 20 0 1.000000 1.000000
321 322 -1 0.000000 0.000000 0 1 0 20 0 1.000000 1.000000
322 323 -1 0.000000 0.000000 0 1 0 20 0 1.000000 1.000000
323 324 -1 0.000000 0.000000 0 1 0 20 0 1.000000 1.000000
324 325 -1 0.000000 0.000000 0 1 0 20 0 1.000000 1.000000
325 326 -1 0.000000 0.000000 0 1 0 20 0 1.000000 1.000000
326 327 -1 0.000000 0.000000 0 1 0 20 0 1.000000 1.000000
327 328 -1 0.000000 0.000000 0 1 0 20 0 1.000000 1.000000
328 321 -1 0.000000 0.000000 0 1 0 20 0 1.000000 1.000000
329 330 -1 0.000000 0.000000 0 1 0 20 0 1.000000 1.000000
330 331 -1 0.000000 0.000000 0 1 0 20 0 1.000000 1.000000
331 332 -1 0.000000 0.000000 0 1 0 20 0 1.000000 1.000000
332 333 -1 0.000000 0.000000 0 1 0 20 0 1.000000 1.000000
333 334 -1 0.000000 0.000000 0 1 0 20 0 1.000000 1.000000
334 335 -1 0.000000 0.000000 0 1 0 20 0 1.000000 1.000000
335 336 -1 0.000000 0.000000 0 1 0 20 0 1.000000 1.000000
336 329 -1 0.000000 0.000000 0 1 0 20 0 1.000000 1.000000
337 338 -1 0.000000 0.000000 0 1 0 20 0 1.000000 1.000000
338 339 -1 0.000000 0.000000 0 1 0 20 0 1.000000 1.000000
339 340 -1 0.000000 0.000000 0 1 0 20 0 1.000000 1.000000
340 341 -1 0.000000 0.000000 0 1 0 20 0 1.000000 1.000000
341 342 -1 0.000000 0.000000 0 1 0 20 0 1.000000 1.000000
342 343 -1 0.000000 0.000000 0 1 0 20 0 1.000000 1.000000
343 344 -1 0.000000 0.000000 0 1 0 20 0 1.000000 1.000000
344 337 -1 0.000000 0.000000 0 1 0 20 0 1.000000 1.000000
345 346 -1 0.000000 0.000000 0 1 0 20 0 1.000000 1.000000
346 347 -1 0.000000 0.000000 0 1 0 20 0 1.000000 1.000000
347 348 -1 0.000000 0.000000 0 4 0 20 7602208 1.000000 1.000000
348 349 -1 0.000000 0.000000 0 1 0 20 0 1.000000 1.000000
349 350 -1 0.000000 0.000000 0 1 0 20 0 1.000000 1.000000
350 351 -1 0.000000 0.000000 0 1 0 20 0 1.000000 1.000000
351 352 -1 0.000000 0.000000 0 1 0 20 0 1.000000 1.000000
352 353 -1 0.000000 0.000000 0 4 0 20 7602208 1.000000 1.000000
353 354 -1 0.000000 0.000000 0 1 0 20 0 1.000000 1.000000
354 355 -1 0.000000 0.000000 0 1 0 20 0 1.000000 1.000000
355 356 -1 0.000000 0.000000 0 1 0 20 0 1.000000 1.000000
356 357 -1 0.000000 0.000000 0 1 0 20 0 1.000000 1.000000
357 358 -1 0.000000 0.000000 0 4 0 20 7602208 1.000000 1.000000
358 359 -1 0.000000 0.000000 0 1 0 20 0 1.000000 1.000000
359 360 -1 0.000000 0.000000 0 1 0 20 0 1.000000 1.000000
360 361 -1 0.000000 0.000000 0 1 0 20 0 1.000000 1.000000
361 362 -1 0.000000 0.000000 0 1 0 20 0 1.000000 1.000000
362 363 -1 0.000000 0.000000 0 4 0 20 7602208 1.000000 1.000000
363 364 -1 0.000000 0.000000 0 1 0 20 0 1.000000 1.000000
364 345 -1 0.000000 0.000000 0 1 0 20 0 1.000000 1.000000
365 366 30 0.200000 1.800000 1 1 1 1 0 1.000000 1.000000
366 367 30 0.200000 1.800000 1 1 1 1 0 1.000000 1.000000
367 368 30 0.200000 1.800000 1 1 1 1 0 1.000000 1.000000
368 365 30 0.200000 1.800000 1 1 1 1 0 1.000000 1.000000
369 370 31 0.200000 1.800000 1 1 1 1 0 1.000000 1.000000
370 371 31 0.200000 1.800000 1 1 1 1 0 1.000000 1.000000
371 372 31 0.200000 1.800000 1 1 1 1 0 1.000000 1.000000
372 369 31 0.200000 1.800000 1 1 1 1 0 1.000000 1.000000
373 374 32 0.200000 1.800000 1 1 1 1 0 1.000000 1.000000
374 375 32 0.200000 1.800000 1 1 1 1 0 1.000000 1.000000
375 376 32 0.200000 1.800000 1 1 1 1 0 1.000000 1.000000
376 373 32 0.200000 1.800000 1 1 1 1 0 1.000000 1.000000
377 378 33 0.200000 1.800000 1 1 1 1 0 1.000000 1.000000
378 379 33 0.200000 1.800000 1 1 1 1 0 1.000000 1.000000
379 380 33 0.200000 1.800000 1 1 1 1 0 1.000000 1.000000
380 377 33 0.200000 1.800000 1 1 1 1 0 1.000000 1.000000
381 382 34 0.200000 1.800000 1 1 1 1 0 1.000000 1.000000
382 383 34 0.200000 1.800000 1 1 1 1 0 1.000000 1.000000
383 384 34 0.200000 1.800000 1 1 1 1 0 1.000000 1.000000
384 381 34 0.200000 1.800000 1 1 1 1 0 1.000000 1.000000
385 386 35 0.200000 1.800000 1 1 1 1 0 1.000000 1.000000
386 387 35 0.200000 1.800000 1 1 1 1 0 1.000000 1.000000
387 388 35 0.200000 1.800000 1 1 1 1 0 1.000000 1.000000
388 385 35 0.200000 1.800000 1 1 1 1 0 1.000000 1.000000
389 390 36 0.200000 1.800000 1 1 1 1 0 1.000000 1.000000
390 391 36 0.200000 1.800000 1 1 1 1 0 1.000000 1.000000
391 392 36 0.200000 1.800000 1 1 1 1 0 1.000000 1.000000
392 389 36 0.200000 1.800000 1 1 1 1 0 1.000000 1.000000
537 540 50 0.200000 1.800000 1 1 1 1 0 1.000000 1.000000
540 539 50 0.200000 1.800000 1 1 1 1 0 1.000000 1.000000
539 538 50 0.200000 1.800000 1 1 1 1 0 1.000000 1.000000
538 537 50 0.200000 1.800000 1 1 1 1 0 1.000000 1.000000
365 368 29 0.200000 1.800000 1 1 1 3 0 1.000000 1.000000
368 367 29 0.200000 1.800000 1 1 1 3 0 1.000000 1.000000
367 366 29 0.200000 1.800000 1 1 1 3 0 1.000000 1.000000
366 365 29 0.200000 1.800000 1 1 1 3 0 1.000000 1.000000
369 372 29 0.200000 1.800000 1 1 1 3 0 1.000000 1.000000
372 371 29 0.200000 1.800000 1 1 1 3 0 1.000000 1.000000
371 370 29 0.200000 1.800000 1 1 1 3 0 1.000000 1.000000
370 369 29 0.200000 1.800000 1 1 1 3 0 1.000000 1.000000
373 376 29 0.200000 1.800000 1 1 1 3 0 1.000000 1.000000
376 375 29 0.200000 1.800000 1 1 1 3 0 1.000000 1.000000
375 374 29 0.200000 1.800000 1 1 1 3 0 1.000000 1.000000
374 373 29 0.200000 1.800000 1 1 1 3 0 1.000000 1.000000
377 380 29 0.200000 1.800000 1 1 1 3 0 1.000000 1.000000
380 379 29 0.200000 1.800000 1 1 1 3 0 1.000000 1.000000
379 378 29 0.200000 1.800000 1 1 1 3 0 1.000000 1.000000
378 377 29 0.200000 1.800000 1 1 1 3 0 1.000000 1.000000
381 384 29 0.200000 1.800000 1 1 1 1 0 1.000000 1.000000
384 383 29 0.200000 1.800000 1 1 1 1 0 1.000000 1.000000
383 382 29 0.200000 1.800000 1 1 1 1 0 1.000000 1.000000
382 381 29 0.200000 1.800000 1 1 1 1 0 1.000000 1.000000
385 388 29 0.200000 1.800000 1 1 1 1 0 1.000000 1.000000
388 387 29 0.200000 1.800000 1 1 1 1 0 1.000000 1.000000
387 386 29 0.200000 1.800000 1 1 1 1 0 1.000000 1.000000
386 385 29 0.200000 1.800000 1 1 1 1 0 1.000000 1.000000
389 392 29 0.200000 1.800000 1 1 1 1 0 1.000000 1.000000
392 391 29 0.200000 1.800000 1 1 1 1 0 1.000000 1.000000
391 390 29 0.200000 1.800000 1 1 1 1 0 1.000000 1.000000
390 389 29 0.200000 1.800000 1 1 1 1 0 1.000000 1.000000
393 394 16 0.000000 1.400000 1 1 1 3 0 1.000000 1.000000
394 395 -1 0.000000 0.000000 1 1 1 20 0 1.000000 1.000000
395 396 38 0.000000 2.000000 1 1 1 1 0 1.000000 1.000000
396 261 -1 0.000000 0.000000 1 1 1 20 0 1.000000 1.000000
261 260 27 0.000000 1.400000 1 1 1 3 0 1.000000 1.000000
260 393 -1 0.000000 0.000000 1 1 1 20 0 1.000000 1.000000
395 534 -1 0.000000 0.000000 1 1 1 20 0 1.000000 1.000000
534 533 39 0.000000 1.400000 1 1 1 3 0 1.000000 1.000000
533 396 -1 0.000000 0.000000 1 1 1 20 0 1.000000 1.000000
396 395 37 0.000000 2.000000 1 1 1 1 0 1.000000 1.000000
397 398 -1 0.000000 0.000000 0 2 0 20 0 1.000000 1.000000
398 399 -1 0.000000 0.000000 0 2 0 20 0 1.000000 1.000000
399 400 -1 0.000000 0.000000 0 2 0 20 0 1.000000 1.000000
400 401 -1 0.000000 0.000000 0 2 0 20 0 1.000000 1.000000
401 536 -1 0.000000 0.000000 0 2 0 20 0 1.000000 1.000000
536 535 13 0.000000 1.400000 2 2 2 9 0 1.000000 1.000000
535 402 -1 0.000000 0.000000 0 2 0 20 0 1.000000 1.000000
402 403 -1 0.000000 0.000000 0 2 0 20 0 1.000000 1.000000
403 533 -1 0.000000 0.000000 0 2 0 20 0 1.000000 1.000000
533 534 38 0.000000 1.400000 2 2 2 9 0 1.000000 1.000000
534 404 -1 0.000000 0.000000 0 2 0 20 0 1.000000 1.000000
404 397 -1 0.000000 0.000000 0 2 0 20 0 1.000000 1.000000
405 406 -1 0.000000 0.000000 0 1 0 20 0 1.000000 1.000000
406 407 -1 0.000000 0.000000 0 1 0 20 0 1.000000 1.000000
407 408 -1 0.000000 0.000000 0 1 0 20 0 1.000000 1.000000
408 409 -1 0.000000 0.000000 0 1 0 20 0 1.000000 1.000000
409 410 -1 0.000000 0.000000 0 1 0 20 0 1.000000 1.000000
410 405 -1 0.000000 0.000000 0 1 0 20 0 1.000000 1.000000
411 412 -1 0.000000 0.000000 0 1 0 20 0 1.000000 1.000000
412 413 -1 0.000000 0.000000 0 1 0 20 0 1.000000 1.000000
413 414 -1 0.000000 0.000000 0 1 0 20 0 1.000000 1.000000
414 415 -1 0.000000 0.000000 0 1 0 20 0 1.000000 1.000000
415 416 -1 0.000000 0.000000 0 1 0 20 0 1.000000 1.000000
416 411 -1 0.000000 0.000000 0 1 0 20 0 1.000000 1.000000
417 418 -1 0.000000 0.000000 0 1 0 20 0 1.000000 1.000000
418 419 -1 0.000000 0.000000 0 1 0 20 0 1.000000 1.000000
419 420 -1 0.000000 0.000000 0 1 0 20 0 1.000000 1.000000
420 421 -1 0.000000 0.000000 0 1 0 20 0 1.000000 1.000000
421 422 -1 0.000000 0.000000 0 1 0 20 0 1.000000 1.000000
422 417 -1 0.000000 0.000000 0 1 0 20 0 1.000000 1.000000
423 424 -1 0.000000 0.000000 0 1 0 20 0 1.000000 1.000000
424 425 -1 0.000000 0.000000 0 1 0 20 0 1.000000 1.000000
425 426 -1 0.000000 0.000000 0 1 0 20 0 1.000000 1.000000
426 427 -1 0.000000 0.000000 0 1 0 20 0 1.000000 1.000000
427 428 -1 0.000000 0.000000 0 1 0 20 0 1.000000 1.000000
428 423 -1 0.000000 0.000000 0 1 0 20 0 1.000000 1.000000
429 430 40 0.000000 1.400000 2 2 2 9 0 1.000000 1.000000
430 431 40 0.000000 1.400000 2 2 2 9 0 1.000000 1.000000
431 432 40 0.000000 1.400000 2 2 2 9 0 1.000000 1.000000
432 433 40 0.000000 1.400000 2 2 2 9 0 1.000000 1.000000
433 434 40 0.000000 1.400000 2 2 2 9 0 1.000000 1.000000
434 435 40 0.000000 1.400000 2 2 2 9 0 1.000000 1.000000
435 436 40 0.000000 1.400000 2 2 2 9 0 1.000000 1.000000
436 437 40 0.000000 1.400000 2 2 2 9 0 1.000000 1.000000
437 438 40 0.000000 1.400000 2 2 2 9 0 1.000000 1.000000
438 439 40 0.000000 1.400000 2 2 2 9 0 1.000000 1.000000
439 440 40 0.000000 1.400000 2 2 2 9 0 1.000000 1.000000
440 441 40 0.000000 1.400000 2 2 2 9 0 1.000000 1.000000
441 442 40 0.000000 1.400000 2 2 2 9 0 1.000000 1.000000
442 443 40 0.000000 1.400000 2 2 2 9 0 1.000000 1.000000
443 444 40 0.000000 1.400000 2 2 2 9 0 1.000000 1.000000
444 429 40 0.000000 1.400000 2 2 2 9 0 1.000000 1.000000
429 444 39 0.000000 1.400000 1 1 1 3 0 1.000000 1.000000
444 443 39 0.000000 1.400000 1 1 1 3 0 1.000000 1.000000
443 442 39 0.000000 1.400000 1 1 1 3 0 1.000000 1.000000
442 441 39 0.000000 1.400000 1 1 1 3 0 1.000000 1.000000
441 440 39 0.000000 1.400000 1 1 1 3 0 1.000000 1.000000
440 439 39 0.000000 1.400000 1 1 1 3 0 1.000000 1.000000
439 438 39 0.000000 1.400000 1 1 1 3 0 1.000000 1.000000
438 437 39 0.000000 1.400000 1 1 1 3 0 1.000000 1.000000
437 436 39 0.000000 1.400000 1 1 1 3 0 1.000000 1.000000
436 435 39 0.000000 1.400000 1 1 1 3 0 1.000000 1.000000
435 434 39 0.000000 1.400000 1 1 1 3 0 1.000000 1.000000
434 433 39 0.000000 1.400000 1 1 1 3 0 1.000000 1.000000
433 432 39 0.000000 1.400000 1 1 1 3 0 1.000000 1.000000
432 431 39 0.000000 1.400000 1 1 1 3 0 1.000000 1.000000
431 430 39 0.000000 1.400000 1 1 1 3 0 1.000000 1.000000
430 429 39 0.000000 1.400000 1 1 1 3 0 1.000000 1.000000
445 446 41 0.200000 1.800000 1 1 1 11 0 1.000000 1.000000
446 447 41 0.200000 1.800000 1 1 1 11 0 1.000000 1.000000
447 448 41 0.200000 1.800000 1 1 1 11 0 1.000000 1.000000
448 445 41 0.200000 1.800000 1 1 1 11 0 1.000000 1.000000
445 448 40 0.200000 1.800000 1 1 1 1 0 1.000000 1.000000
448 447 40 0.200000 1.800000 1 1 1 1 0 1.000000 1.000000
447 446 40 0.200000 1.800000 1 1 1 1 0 1.000000 1.000000
446 445 40 0.200000 1.800000 1 1 1 1 0 1.000000 1.000000
449 450 -1 0.000000 0.000000 0 1 0 20 0 1.000000 1.000000
450 451 -1 0.000000 0.000000 0 1 0 20 0 1.000000 1.000000
451 452 -1 0.000000 0.000000 0 1 0 20 0 1.000000 1.000000
452 453 -1 0.000000 0.000000 0 1 0 20 0 1.000000 1.000000
453 454 -1 0.000000 0.000000 0 1 0 20 0 1.000000 1.000000
454 455 -1 0.000000 0.000000 0 1 0 20 0 1.000000 1.000000
455 456 -1 0.000000 0.000000 0 1 0 20 0 1.000000 1.000000
456 449 -1 0.000000 0.000000 0 1 0 20 0 1.000000 1.000000
457 458 -1 0.000000 0.000000 0 1 0 20 0 1.000000 1.000000
458 459 -1 0.000000 0.000000 0 1 0 20 0 1.000000 1.000000
459 460 -1 0.000000 0.000000 0 1 0 20 0 1.000000 1.000000
460 461 -1 0.000000 0.000000 0 1 0 20 0 1.000000 1.000000
461 462 -1 0.000000 0.000000 0 1 0 20 0 1.000000 1.000000
462 463 -1 0.000000 0.000000 0 1 0 20 0 1.000000 1.000000
463 464 -1 0.000000 0.000000 0 1 0 20 0 1.000000 1.000000
464 457 -1 0.000000 0.000000 0 1 0 20 0 1.000000 1.000000
465 466 -1 0.000000 0.000000 0 1 0 20 0 1.000000 1.000000
466 467 -1 0.000000 0.000000 0 1 0 20 0 1.000000 1.000000
467 468 -1 0.000000 0.000000 0 1 0 20 0 1.000000 1.000000
468 469 -1 0.000000 0.000000 0 1 0 20 0 1.000000 1.000000
469 470 -1 0.000000 0.000000 0 1 0 20 0 1.000000 1.000000
470 471 -1 0.000000 0.000000 0 1 0 20 0 1.000000 1.000000
471 472 -1 0.000000 0.000000 0 1 0 20 0 1.000000 1.000000
472 465 -1 0.000000 0.000000 0 1 0 20 0 1.000000 1.000000
473 474 -1 0.000000 0.000000 0 1 0 20 0 1.000000 1.000000
474 475 -1 0.000000 0.000000 0 1 0 20 0 1.000000 1.000000
475 476 -1 0.000000 0.000000 0 1 0 20 0 1.000000 1.000000
476 477 -1 0.000000 0.000000 0 1 0 20 0 1.000000 1.000000
477 478 -1 0.000000 0.000000 0 1 0 20 0 1.000000 1.000000
478 479 -1 0.000000 0.000000 0 1 0 20 0 1.000000 1.000000
479 480 -1 0.000000 0.000000 0 1 0 20 0 1.000000 1.000000
480 473 -1 0.000000 0.000000 0 1 0 20 0 1.000000 1.000000
481 482 -1 0.000000 0.000000 0 1 0 20 0 1.000000 1.000000
482 483 -1 0.000000 0.000000 0 1 0 20 0 1.000000 1.000000
483 484 -1 0.000000 0.000000 0 4 0 20 7602208 1.000000 1.000000
484 485 -1 0.000000 0.000000 0 1 0 20 0 1.000000 1.000000
485 486 -1 0.000000 0.000000 0 1 0 20 0 1.000000 1.000000
486 487 -1 0.000000 0.000000 0 1 0 20 0 1.000000 1.000000
487 488 -1 0.000000 0.000000 0 1 0 20 0 1.000000 1.000000
488 489 -1 0.000000 0.000000 0 4 0 20 7602208 1.000000 1.000000
489 490 -1 0.000000 0.000000 0 1 0 20 0 1.000000 1.000000
490 491 -1 0.000000 0.000000 0 1 0 20 0 1.000000 1.000000
491 492 -1 0.000000 0.000000 0 1 0 20 0 1.000000 1.000000
492 493 -1 0.000000 0.000000 0 1 0 20 0 1.000000 1.000000
493 494 -1 0.000000 0.000000 0 4 0 20 7602208 1.000000 1.000000
494 495 -1 0.000000 0.000000 0 1 0 20 0 1.000000 1.000000
495 496 -1 0.000000 0.000000 0 1 0 20 0 1.000000 1.000000
496 497 -1 0.000000 0.000000 0 1 0 20 0 1.000000 1.000000
497 498 -1 0.000000 0.000000 0 1 0 20 0 1.000000 1.000000
498 499 -1 0.000000 0.000000 0 4 0 20 7602208 1.000000 1.000000
499 500 -1 0.000000 0.000000 0 1 0 20 0 1.000000 1.000000
500 481 -1 0.000000 0.000000 0 1 0 20 0 1.000000 1.000000
501 502 42 0.200000 1.800000 1 1 1 1 0 1.000000 1.000000
502 503 42 0.200000 1.800000 1 1 1 1 0 1.000000 1.000000
503 504 42 0.200000 1.800000 1 1 1 1 0 1.000000 1.000000
504 501 42 0.200000 1.800000 1 1 1 1 0 1.000000 1.000000
505 506 43 0.200000 1.800000 1 1 1 1 0 1.000000 1.000000
506 507 43 0.200000 1.800000 1 1 1 1 0 1.000000 1.000000
507 508 43 0.200000 1.800000 1 1 1 1 0 1.000000 1.000000
508 505 43 0.200000 1.800000 1 1 1 1 0 1.000000 1.000000
509 510 44 0.200000 1.800000 1 1 1 1 0 1.000000 1.000000
510 511 44 0.200000 1.800000 1 1 1 1 0 1.000000 1.000000
511 512 44 0.200000 1.800000 1 1 1 1 0 1.000000 1.000000
512 509 44 0.200000 1.800000 1 1 1 1 0 1.000000 1.000000
513 514 45 0.200000 1.800000 1 1 1 1 0 1.000000 1.000000
514 515 45 0.200000 1.800000 1 1 1 1 0 1.000000 1.000000
515 516 45 0.200000 1.800000 1 1 1 1 0 1.000000 1.000000
516 513 45 0.200000 1.800000 1 1 1 1 0 1.000000 1.000000
517 518 46 0.200000 1.800000 1 1 1 1 0 1.000000 1.000000
518 519 46 0.200000 1.800000 1 1 1 1 0 1.000000 1.000000
519 520 46 0.200000 1.800000 1 1 1 1 0 1.000000 1.000000
520 517 46 0.200000 1.800000 1 1 1 1 0 1.000000 1.000000
521 522 47 0.200000 1.800000 1 1 1 1 0 1.000000 1.000000
522 523 47 0.200000 1.800000 1 1 1 1 0 1.000000 1.000000
523 524 47 0.200000 1.800000 1 1 1 1 0 1.000000 1.000000
524 521 47 0.200000 1.800000 1 1 1 1 0 1.000000 1.000000
525 526 48 0.200000 1.800000 1 1 1 1 0 1.000000 1.000000
526 527 48 0.200000 1.800000 1 1 1 1 0 1.000000 1.000000
527 528 48 0.200000 1.800000 1 1 1 1 0 1.000000 1.000000
528 525 48 0.200000 1.800000 1 1 1 1 0 1.000000 1.000000
529 530 49 0.200000 1.800000 1 1 1 1 0 1.000000 1.000000
530 531 49 0.200000 1.800000 1 1 1 1 0 1.000000 1.000000
531 532 49 0.200000 1.800000 1 1 1 1 0 1.000000 1.000000
532 529 49 0.200000 1.800000 1 1 1 1 0 1.000000 1.000000
501 504 41 0.200000 1.800000 1 1 1 3 0 1.000000 1.000000
504 503 41 0.200000 1.800000 1 1 1 3 0 1.000000 1.000000
503 502 41 0.200000 1.800000 1 1 1 3 0 1.000000 1.000000
502 501 41 0.200000 1.800000 1 1 1 3 0 1.000000 1.000000
505 508 41 0.200000 1.800000 1 1 1 3 0 1.000000 1.000000
508 507 41 0.200000 1.800000 1 1 1 3 0 1.000000 1.000000
507 506 41 0.200000 1.800000 1 1 1 3 0 1.000000 1.000000
506 505 41 0.200000 1.800000 1 1 1 3 0 1.000000 1.000000
509 512 41 0.200000 1.800000 1 1 1 3 0 1.000000 1.000000
512 511 41 0.200000 1.800000 1 1 1 3 0 1.000000 1.000000
511 510 41 0.200000 1.800000 1 1 1 3 0 1.000000 1.000000
510 509 41 0.200000 1.800000 1 1 1 3 0 1.000000 1.000000
513 516 41 0.200000 1.800000 1 1 1 3 0 1.000000 1.000000
516 515 41 0.200000 1.800000 1 1 1 3 0 1.000000 1.000000
515 514 41 0.200000 1.800000 1 1 1 3 0 1.000000 1.000000
514 513 41 0.200000 1.800000 1 1 1 3 0 1.000000 1.000000
517 520 41 0.200000 1.800000 1 1 1 1 0 1.000000 1.000000
520 519 41 0.200000 1.800000 1 1 1 1 0 1.000000 1.000000
519 518 41 0.200000 1.800000 1 1 1 1 0 1.000000 1.000000
518 517 41 0.200000 1.800000 1 1 1 1 0 1.000000 1.000000
521 524 41 0.200000 1.800000 1 1 1 1 0 1.000000 1.000000
524 523 41 0.200000 1.800000 1 1 1 1 0 1.000000 1.000000
523 522 41 0.200000 1.800000 1 1 1 1 0 1.000000 1.000000
522 521 41 0.200000 1.800000 1 1 1 1 0 1.000000 1.000000
525 528 41 0.200000 1.800000 1 1 1 1 0 1.000000 1.000000
528 527 41 0.200000 1.800000 1 1 1 1 0 1.000000 1.000000
527 526 41 0.200000 1.800000 1 1 1 1 0 1.000000 1.000000
526 525 41 0.200000 1.800000 1 1 1 1 0 1.000000 1.000000
529 532 41 0.200000 1.800000 1 1 1 1 0 1.000000 1.000000
532 531 41 0.200000 1.800000 1 1 1 1 0 1.000000 1.000000
531 530 41 0.200000 1.800000 1 1 1 1 0 1.000000 1.000000
530 529 41 0.200000 1.800000 1 1 1 1 0 1.000000 1.000000
537 538 29 0.200000 1.800000 1 1 1 1 0 1.000000 1.000000
538 539 29 0.200000 1.800000 1 1 1 1 0 1.000000 1.000000
539 540 29 0.200000 1.800000 1 1 1 1 0 1.000000 1.000000
540 537 29 0.200000 1.800000 1 1 1 1 0 1.000000 1.000000
223 222 18 0.200000 1.800000 1 1 1 3 0 1.000000 1.000000
222 541 -1 0.000000 0.000000 1 1 1 20 0 1.000000 1.000000
541 542 -1 0.000000 0.000000 1 1 1 20 0 1.000000 1.000000
542 223 -1 0.000000 0.000000 1 1 1 20 0 1.000000 1.000000
213 212 18 0.200000 1.800000 1 1 1 3 0 1.000000 1.000000
212 543 -1 0.000000 0.000000 1 1 1 20 0 1.000000 1.000000
543 544 -1 0.000000 0.000000 1 1 1 20 0 1.000000 1.000000
544 213 -1 0.000000 0.000000 1 1 1 20 0 1.000000 1.000000
548 551 0 0.250001 2.000000 1 1 1 1 0 1.000000 1.000000
551 550 0 0.250001 2.000000 1 1 1 1 0 1.000000 1.000000
550 549 0 0.250001 2.000000 1 1 1 1 0 1.000000 1.000000
549 548 0 0.250001 2.000000 1 1 1 1 0 1.000000 1.000000
568 582 0 0.000000 2.000000 1 1 1 1 0 1.000000 1.000000
582 581 0 0.000000 2.000000 1 1 1 1 0 1.000000 1.000000
581 580 0 0.000000 2.000000 1 1 1 1 0 1.000000 1.000000
580 579 0 0.000000 2.000000 1 1 1 1 0 1.000000 1.000000
579 578 0 0.000000 2.000000 1 1 1 1 0 1.000000 1.000000
578 577 0 0.000000 2.000000 1 1 1 1 0 1.000000 1.000000
577 576 0 0.000000 2.000000 1 1 1 1 0 1.000000 1.000000
576 575 0 0.000000 2.000000 1 1 1 1 0 1.000000 1.000000
575 574 0 0.000000 2.000000 1 1 1 1 0 1.000000 1.000000
574 573 0 0.000000 2.000000 1 1 1 1 0 1.000000 1.000000
573 572 0 0.000000 2.000000 1 1 1 1 0 1.000000 1.000000
572 571 0 0.000000 2.000000 1 1 1 1 0 1.000000 1.000000
571 570 0 0.000000 2.000000 1 1 1 1 0 1.000000 1.000000
570 569 0 0.000000 2.000000 1 1 1 1 0 1.000000 1.000000
569 568 0 0.000000 2.000000 1 1 1 1 0 1.000000 1.000000
SECTORS 55
0 72 72 0.000000 2.000000 3 255 0 0 0 0 0.000000 0.000000 2.000000 2.000000 0.000000 0.000000 1.000000 1.000000 0.000000 1.000000 1.000000 0.000000 0
72 36 36 0.500000 2.000000 3 255 0 0 0 0 0.500000 0.500000 2.000000 2.000000 0.000000 0.000000 1.000000 1.000000 0.000000 1.000000 1.000000 0.000000 0
108 8 8 0.900000 1.500000 1 1 0 0 1 0 0.900000 1.500000 1.500000 1.500000 0.300000 0.000000 1.000000 1.000000 0.000000 0.900000 1.000000 0.000000 0
116 5 5 0.000000 2.000000 3 255 0 0 0 0 0.000000 0.000000 2.000000 2.000000 0.000000 0.000000 1.000000 1.000000 0.000000 1.000000 1.000000 0.000000 0
121 4 4 0.000000 2.000000 3 255 0 0 0 0 0.000000 0.000000 2.000000 2.000000 0.000000 0.000000 1.000000 1.000000 0.000000 1.000000 1.000000 0.000000 0
125 21 21 0.000000 2.000000 3 255 0 0 0 0 0.000000 0.000000 2.000000 2.000000 0.000000 0.000000 1.000000 1.000000 0.000000 1.000000 1.000000 0.000000 0
146 4 4 0.800000 1.600000 4 2 7 0 0 0 0.800000 0.800000 1.600000 1.600000 0.000000 0.000000 1.000000 1.000000 0.000000 1.000000 1.000000 0.000000 0
150 27 27 0.000000 1.600000 3 1 0 0 0 0 0.000000 0.000000 1.600000 1.600000 0.000000 0.000000 1.000000 1.000000 0.000000 1.000000 1.000000 0.000000 0
177 4 4 0.000000 1.600000 3 1 5 0 0 0 0.000000 0.000000 1.600000 1.600000 0.000000 0.000000 1.000000 1.000000 0.000000 1.000000 1.000000 0.000000 0
181 4 4 0.000000 1.600000 3 1 6 0 0 0 0.000000 0.000000 1.600000 1.600000 0.000000 0.000000 1.000000 1.000000 0.000000 1.000000 1.000000 0.000000 0
185 6 6 0.000000 1.310001 3 1 0 0 0 0 0.000000 0.000000 1.310001 1.310001 0.000000 0.000000 1.000000 1.000000 0.000000 1.000000 1.000000 0.000000 0
191 4 4 0.100000 2.000000 3 255 0 0 0 0 0.100000 0.100000 2.000000 2.000000 0.000000 0.000000 1.000000 1.000000 0.000000 1.000000 1.000000 0.000000 0
195 4 4 0.300000 2.000000 3 255 0 0 0 0 0.300000 0.300000 2.000000 2.000000 0.000000 0.000000 1.000000 1.000000 0.000000 1.000000 1.000000 0.000000 0
199 18 18 0.000000 2.000000 3 255 0 0 0 0 0.000000 0.000000 2.000000 2.000000 0.000000 0.000000 1.000000 1.000000 0.000000 1.000000 1.000000 0.000000 0
217 4 4 0.000000 2.000000 3 255 0 0 1 1 0.000000 2.000000 2.000000 2.000000 0.599998 0.600000 1.000000 1.000000 0.000000 1.000000 1.000000 0.000000 0
221 8 8 0.500000 2.000000 3 255 0 0 1 1 0.500000 1.500000 2.000000 2.000000 0.100000 0.000000 1.000000 1.000000 0.000000 1.000000 1.000000 0.000000 0
229 52 52 -0.100000 1.400000 5 1 0 0 0 0 -0.100000 -0.100000 1.400000 1.400000 0.000000 0.000000 1.000000 1.000000 0.785398 1.000000 1.000000 0.000000 0
281 20 20 0.000000 2.000000 2 255 0 0 0 0 0.000000 0.000000 2.000000 2.000000 0.000000 0.000000 1.000000 1.000000 0.000000 1.000000 1.000000 0.000000 0
301 88 88 0.200000 1.800000 1 1 0 0 0 0 0.200000 0.500000 1.800000 1.800000 0.300000 0.000000 1.000000 1.000000 0.000000 1.000000 1.000000 0.000000 0
389 4 4 0.200000 2.000000 1 255 0 0 0 0 0.200000 0.200000 2.000000 2.000000 0.000000 0.000000 1.000000 1.000000 0.000000 1.000000 1.000000 0.000000 0
393 4 4 0.200000 2.000000 1 255 0 0 0 0 0.200000 0.200000 2.000000 2.000000 0.000000 0.000000 1.000000 1.000000 0.000000 1.000000 1.000000 0.000000 0
397 4 4 0.200000 2.000000 1 255 0 0 0 0 0.200000 0.200000 2.000000 2.000000 0.000000 0.000000 1.000000 1.000000 0.000000 1.000000 1.000000 0.000000 0
401 4 4 0.200000 2.000000 1 255 0 0 0 0 0.200000 0.200000 2.000000 2.000000 0.000000 0.000000 1.000000 1.000000 0.000000 1.000000 1.000000 0.000000 0
405 4 4 0.200000 1.800000 1 1 5 0 0 0 0.200000 0.200000 1.800000 1.800000 0.000000 0.000000 1.000000 1.000000 0.000000 1.000000 1.000000 0.000000 0
409 4 4 0.200000 1.800000 1 1 5 0 0 0 0.200000 0.200000 1.800000 1.800000 0.000000 0.000000 1.000000 1.000000 0.000000 1.000000 1.000000 0.000000 0
413 4 4 0.200000 1.800000 1 1 5 0 0 0 0.200000 0.200000 1.800000 1.800000 0.000000 0.000000 1.000000 1.000000 0.000000 1.000000 1.000000 0.000000 0
417 4 4 0.200000 1.800000 1 1 5 0 0 0 0.200000 0.200000 1.800000 1.800000 0.000000 0.000000 1.000000 1.000000 0.000000 1.000000 1.000000 0.000000 0
421 50 50 -0.100000 1.400000 5 1 0 0 0 0 -0.100000 -0.100000 1.400000 1.400000 0.000000 0.000000 1.000000 1.000000 0.785398 1.000000 1.000000 0.000000 0
471 20 20 0.000000 2.000000 2 255 0 0 0 0 0.000000 0.000000 2.000000 2.000000 0.000000 0.000000 1.000000 1.000000 0.000000 1.000000 1.000000 0.000000 0
491 88 88 0.200000 1.800000 1 1 0 0 0 0 0.200000 0.200000 1.800000 1.800000 0.000000 0.000000 1.000000 1.000000 0.000000 1.000000 1.000000 0.000000 0
579 4 4 0.200000 2.000000 1 255 0 0 0 0 0.200000 0.200000 2.000000 2.000000 0.000000 0.000000 1.000000 1.000000 0.000000 1.000000 1.000000 0.000000 0
583 4 4 0.200000 2.000000 1 255 0 0 0 0 0.200000 0.200000 2.000000 2.000000 0.000000 0.000000 1.000000 1.000000 0.000000 1.000000 1.000000 0.000000 0
587 4 4 0.200000 2.000000 1 255 0 0 0 0 0.200000 0.200000 2.000000 2.000000 0.000000 0.000000 1.000000 1.000000 0.000000 1.000000 1.000000 0.000000 0
591 4 4 0.200000 2.000000 1 255 0 0 0 0 0.200000 0.200000 2.000000 2.000000 0.000000 0.000000 1.000000 1.000000 0.000000 1.000000 1.000000 0.000000 0
595 4 4 0.200000 1.800000 1 1 5 0 0 0 0.200000 0.200000 1.800000 1.800000 0.000000 0.000000 1.000000 1.000000 0.000000 1.000000 1.000000 0.000000 0
599 4 4 0.200000 1.800000 1 1 5 0 0 0 0.200000 0.200000 1.800000 1.800000 0.000000 0.000000 1.000000 1.000000 0.000000 1.000000 1.000000 0.000000 0
603 4 4 0.200000 1.800000 1 1 5 0 0 0 0.200000 0.200000 1.800000 1.800000 0.000000 0.000000 1.000000 1.000000 0.000000 1.000000 1.000000 0.000000 0
607 6 6 0.000000 2.000000 3 255 0 0 0 0 0.000000 0.000000 2.000000 2.000000 0.000000 0.000000 1.000000 1.000000 0.000000 1.000000 1.000000 0.000000 0
613 4 4 0.000000 2.000000 3 255 0 0 0 0 0.000000 0.000000 2.000000 2.000000 0.000000 0.000000 1.000000 1.000000 0.000000 1.000000 1.000000 0.000000 0
617 52 52 -0.100000 1.400000 5 1 0 0 0 0 -0.100000 -0.100000 1.400000 1.400000 0.000000 0.000000 1.000000 1.000000 0.785398 1.000000 1.000000 0.000000 0
669 20 20 0.000000 2.000000 2 255 0 0 0 0 0.000000 0.000000 2.000000 2.000000 0.000000 0.000000 1.000000 1.000000 0.000000 1.000000 1.000000 0.000000 0
689 88 88 0.200000 1.800000 1 1 0 0 0 0 0.200000 0.200000 1.800000 1.800000 0.000000 0.000000 1.000000 1.000000 0.000000 1.000000 1.000000 0.000000 0
777 4 4 0.200000 2.000000 1 255 0 0 0 0 0.200000 0.200000 2.000000 2.000000 0.000000 0.000000 1.000000 1.000000 0.000000 1.000000 1.000000 0.000000 0
781 4 4 0.200000 2.000000 1 255 0 0 0 0 0.200000 0.200000 2.000000 2.000000 0.000000 0.000000 1.000000 1.000000 0.000000 1.000000 1.000000 0.000000 0
785 4 4 0.200000 2.000000 1 255 0 0 0 0 0.200000 0.200000 2.000000 2.000000 0.000000 0.000000 1.000000 1.000000 0.000000 1.000000 1.000000 0.000000 0
789 4 4 0.200000 2.000000 1 255 0 0 0 0 0.200000 0.200000 2.000000 2.000000 0.000000 0.000000 1.000000 1.000000 0.000000 1.000000 1.000000 0.000000 0
793 4 4 0.200000 1.800000 1 1 5 0 0 0 0.200000 0.200000 1.800000 1.800000 0.000000 0.000000 1.000000 1.000000 0.000000 1.000000 1.000000 0.000000 0
797 4 4 0.200000 1.800000 1 1 5 0 0 0 0.200000 0.200000 1.800000 1.800000 0.000000 0.000000 1.000000 1.000000 0.000000 1.000000 1.000000 0.000000 0
801 4 4 0.200000 1.800000 1 1 5 0 0 0 0.200000 0.200000 1.800000 1.800000 0.000000 0.000000 1.000000 1.000000 0.000000 1.000000 1.000000 0.000000 0
805 4 4 0.200000 1.800000 1 1 5 0 0 0 0.200000 0.200000 1.800000 1.800000 0.000000 0.000000 1.000000 1.000000 0.000000 1.000000 1.000000 0.000000 0
809 4 4 0.200000 1.800000 1 1 5 0 0 0 0.200000 0.200000 1.800000 1.800000 0.000000 0.000000 1.000000 1.000000 0.000000 1.000000 1.000000 0.000000 0
813 4 4 0.200000 2.000000 3 255 0 0 1 0 0.000000 1.800000 2.000000 2.000000 0.300000 0.000000 1.000000 1.000000 0.000000 1.000000 1.000000 0.000000 0
817 4 4 0.200000 2.000000 3 255 0 0 1 0 0.000000 1.800000 2.000000 2.000000 0.300000 0.000000 1.000000 1.000000 0.000000 1.000000 1.000000 0.000000 0
821 4 4 0.250001 2.000000 3 255 0 0 0 0 0.000000 0.250001 2.000000 2.000000 0.000000 0.000000 1.000000 1.000000 0.000000 1.000000 1.000000 0.000000 0
825 15 15 0.000000 2.000000 2 255 0 0 0 0 0.000000 0.000000 2.000000 2.000000 0.000000 0.000000 1.000000 1.000000 0.000000 1.000000 1.000000 0.000000 0
OBJECTS 2
7.100000 -7.400000 0.000000 2 3 1 9 1.350000 1 0 0 1.000000 1.000000
44.099998 23.500000 -0.100000 3 2 1 9 1.350000 1 0 0 1.000000 1.000000
OBJECTLABELS 2
Teleport A
Teleport B
