MAPEDIT5
START 6.800000 2.700000 0.000000 0
VERTS 8
-6.100000 -2.700000
-4.900000 6.800000
10.600000 6.200000
12.300000 -8.000000
7.000000 -1.300000
9.700000 -2.000000
9.600000 2.800000
7.200000 3.300000
WALLS 12
0 1 -1 0.000000 0.000000 1 1 1 20 0 1.000000 1.000000
1 2 -1 0.000000 0.000000 1 1 1 20 0 1.000000 1.000000
2 3 -1 0.000000 0.000000 1 1 1 20 0 1.000000 1.000000
3 0 -1 0.000000 0.000000 1 1 1 20 0 1.000000 1.000000
4 5 1 0.000000 1.600000 1 255 1 3 0 1.000000 1.000000
5 6 1 0.000000 1.600000 1 255 1 3 0 1.000000 1.000000
6 7 1 0.000000 1.600000 1 255 1 3 0 1.000000 1.000000
7 4 1 0.000000 1.600000 1 255 1 3 0 1.000000 1.000000
4 7 0 0.000000 1.600000 1 255 1 1 0 1.000000 1.000000
7 6 0 0.000000 1.600000 1 255 1 1 0 1.000000 1.000000
6 5 0 0.000000 1.600000 1 255 1 1 0 1.000000 1.000000
5 4 0 0.000000 1.600000 1 255 1 1 0 1.000000 1.000000
SECTORS 2
0 8 8 0.000000 2.000000 3 255 0 0 0 0 0.000000 0.000000 2.000000 2.000000 0.000000 0.000000 1.000000 1.000000 0.000000 1.000000 1.000000 0.000000 0
8 4 4 0.000000 1.600000 3 1 0 0 5 0 0.000000 0.400000 1.300000 2.000000 0.400000 0.000000 1.000000 1.000000 0.000000 1.000000 1.000000 0.000000 0
OBJECTS 3
6.300000 1.300000 0.000000 1 10 0 7 0.850000 1 1 0 1.000000 1.000000
6.200000 1.300000 0.000000 0 0 0 0 0.350000 17 0 0 1.000000 1.000000
8.600000 0.700000 0.000000 10 5 0 1 1.850000 1 1 2 1.000000 1.000000
