MAPEDIT9
START 1.500000 0.500000 3.095919 0
VERTS 36
-2.000000 -2.000000
-2.000000 2.000000
2.000000 -2.000000
2.000000 2.100000
-0.900000 -1.000000
1.000000 -1.000000
1.000000 1.100000
-0.900000 1.100000
1.900000 -2.100000
-1.900000 -2.100000
-1.900000 2.100000
-1.300000 -2.100000
-1.200000 -2.400000
-0.400000 -2.400000
-0.300000 -2.100000
-2.000000 1.000000
-2.900000 1.000000
-2.900000 0.000000
-2.000000 0.000000
-3.000000 0.000000
-3.000000 1.000000
-4.300000 0.000000
-4.300000 1.000000
-1.000000 -1.100000
1.100000 -1.100000
1.100000 1.200000
-1.000000 1.200000
3.000000 -1.300000
2.400000 1.100000
4.600000 0.700000
4.600000 -1.300000
2.400000 -0.600000
2.400000 0.700000
2.000000 0.700000
2.000000 -0.600000
2.900000 1.300000
WALLS 48
0 18 -1 0.000000 0.000000 1 13 1 0 20 23068720 1.000000 1.000000 0.000000 0.000000
18 17 -1 0.000000 0.000000 1 2 1 0 20 6291519 1.000000 1.000000 0.000000 0.000000
17 16 2 0.000000 1.000000 11 11 11 0 1 6291464 1.000000 1.000000 0.000000 0.000000
16 15 -1 0.000000 0.000000 1 2 1 0 20 6291519 1.000000 1.000000 0.000000 0.000000
15 1 -1 0.000000 0.000000 1 13 1 0 20 6291504 1.000000 1.000000 0.000000 0.000000
1 10 -1 0.000000 0.000000 1 8 1 0 20 48 1.000000 1.000000 0.000000 0.000000
10 3 -1 0.000000 0.000000 1 8 1 0 20 48 1.000000 1.000000 0.000000 0.000000
3 33 -1 0.000000 0.000000 1 7 1 0 20 48 1.000000 1.000000 0.000000 0.000000
33 34 5 0.000000 1.000000 1 255 1 0 1 48 1.000000 1.000000 0.000000 0.000000
34 2 -1 0.000000 0.000000 1 7 1 0 20 48 1.000000 1.000000 0.000000 0.000000
2 8 -1 0.000000 0.000000 1 4 1 0 20 6815856 1.000000 1.000000 0.000000 0.000000
8 14 -1 0.000000 0.000000 1 4 1 0 20 56623152 1.000000 1.000000 0.000000 0.000000
14 13 -1 0.000000 0.000000 1 4 1 0 20 6815856 1.000000 1.000000 0.000000 0.000000
13 12 -1 0.000000 0.000000 1 4 1 0 20 6815856 1.000000 1.000000 0.000000 0.000000
12 11 -1 0.000000 0.000000 1 4 1 0 20 6815856 1.000000 1.000000 0.000000 0.000000
11 9 -1 0.000000 0.000000 1 4 1 0 20 6815856 1.000000 1.000000 0.000000 0.000000
9 0 -1 0.000000 0.000000 1 4 1 0 20 6815856 1.000000 1.000000 0.000000 0.000000
4 5 1 0.000000 1.000000 1 1 1 0 1 0 1.000000 1.000000 0.000000 0.000000
5 6 1 0.000000 1.000000 1 1 1 0 1 0 1.000000 1.000000 0.000000 0.000000
6 7 1 0.000000 1.000000 1 1 1 0 1 0 1.000000 1.000000 0.000000 0.000000
7 4 1 0.000000 1.000000 1 1 1 0 1 0 1.000000 1.000000 0.000000 0.000000
23 24 -1 0.000000 0.000000 1 10 1 0 212 0 1.000000 1.000000 0.000000 0.000000
24 25 -1 0.000000 0.000000 1 10 1 0 212 0 1.000000 1.000000 0.000000 0.000000
25 26 -1 0.000000 0.000000 1 10 1 0 212 0 1.000000 1.000000 0.000000 0.000000
26 23 -1 0.000000 0.000000 1 10 1 0 212 0 1.000000 1.000000 0.000000 0.000000
4 7 0 0.000000 1.000000 3 3 3 0 11 0 1.000000 1.000000 0.000000 0.000000
7 6 0 0.000000 1.000000 3 3 3 0 11 0 1.000000 1.000000 0.000000 0.000000
6 5 0 0.000000 1.000000 3 3 3 0 11 0 1.000000 1.000000 0.000000 0.000000
5 4 0 0.000000 1.000000 3 3 3 0 11 0 1.000000 1.000000 0.000000 0.000000
16 17 0 0.000000 1.000000 1 1 1 0 1 0 1.000000 1.000000 0.000000 0.000000
17 19 -1 0.000000 0.000000 1 1 1 0 20 8 1.000000 1.000000 0.000000 0.000000
19 20 3 0.000000 1.000000 1 1 1 0 1 0 1.000000 1.000000 0.000000 0.000000
20 16 -1 0.000000 0.000000 1 1 1 0 20 8 1.000000 1.000000 0.000000 0.000000
20 19 2 0.000000 1.000000 1 1 1 0 1 8 1.000000 1.000000 0.000000 0.000000
19 21 -1 0.000000 0.000000 1 1 1 0 20 0 1.000000 1.000000 0.000000 0.000000
21 22 -1 0.000000 0.000000 1 1 1 0 20 0 1.000000 1.000000 0.000000 0.000000
22 20 -1 0.000000 0.000000 1 1 1 0 20 0 1.000000 1.000000 0.000000 0.000000
27 31 -1 0.000000 0.000000 1 1 1 0 20 0 1.000000 1.000000 0.000000 0.000000
31 32 5 0.000000 1.000000 1 255 1 0 1 0 1.000000 1.000000 0.000000 0.000000
32 28 -1 0.000000 0.000000 1 1 1 0 20 0 1.000000 1.000000 0.000000 0.000000
28 35 -1 0.000000 0.000000 1 1 1 0 20 0 1.000000 1.000000 0.000000 0.000000
35 29 -1 0.000000 0.000000 1 1 1 0 20 0 1.000000 1.000000 0.000000 0.000000
29 30 -1 0.000000 0.000000 1 1 1 0 20 0 1.000000 1.000000 0.000000 0.000000
30 27 -1 0.000000 0.000000 1 1 1 0 20 0 1.000000 1.000000 0.000000 0.000000
34 33 0 0.000000 1.000000 1 255 1 0 1 0 1.000000 1.000000 0.000000 0.000000
33 32 -1 0.000000 0.000000 1 1 1 0 20 0 1.000000 1.000000 0.000000 0.000000
32 31 4 0.000000 1.000000 1 255 1 0 1 0 1.000000 1.000000 0.000000 0.000000
31 34 -1 0.000000 0.000000 1 1 1 0 20 0 1.000000 1.000000 0.000000 0.000000
SECTORS 6
0 25 25 0.000000 1.000000 3 2 5 10 0 0 0.000000 0.000000 1.000000 2.000000 0.000000 0.000000 1.000000 1.000000 0.000000 0.500000 1.000000 0.000000 0
25 4 4 -0.200000 1.200000 5 2 0 0 0 0 -0.200000 0.000000 1.200000 2.000000 0.000000 0.000000 1.000000 1.000000 0.000000 1.000000 1.000000 0.000000 0
29 4 4 0.000000 1.000000 3 2 0 0 1 4 0.000000 1.000000 -0.000000 1.000000 0.000000 3.999999 1.000000 1.000000 0.000000 1.000000 1.000000 0.000000 0
33 4 4 0.000000 1.000000 3 2 0 0 0 0 0.000000 0.000000 1.000000 2.000000 0.000000 0.000000 1.000000 1.000000 0.000000 1.000000 1.000000 0.000000 0
37 7 7 0.000000 1.000000 3 2 5 10 0 0 0.000000 0.000000 1.000000 2.000000 0.000000 0.000000 1.000000 1.000000 0.000000 0.500000 1.000000 0.000000 0
44 4 4 0.000000 1.000000 3 2 5 10 1 0 0.000000 1.000000 1.000000 2.000000 0.500000 0.000000 1.000000 1.000000 0.000000 0.500000 1.000000 0.000000 1
OBJECTS 1
-2.900000 0.500000 0.000000 0 1 1 1 0.600001 1 8 4 0.000000 0.000000 0.000000
OBJECTLABELS 1

