MAPEDIT5
START 0.000000 0.000000 0.000000 0
VERTS 60
-2.000000 -2.000000
2.000000 -2.000000
2.000000 2.000000
-2.000000 2.000000
2.000000 -1.000000
6.000000 -1.000000
6.000000 1.000000
2.000000 1.000000
6.000000 -3.000000
10.000000 -3.000000
10.000000 3.000000
6.000000 3.000000
7.000000 3.000000
9.000000 3.000000
9.000000 7.000000
7.000000 7.000000
5.000000 7.000000
11.000000 7.000000
11.000000 11.000000
5.000000 11.000000
11.000000 8.000000
13.000000 8.000000
13.000000 10.000000
11.000000 10.000000
10.000000 -1.000000
14.000000 -1.000000
14.000000 1.000000
10.000000 1.000000
14.000000 -4.000000
20.000000 -4.000000
20.000000 4.000000
14.000000 4.000000
7.000000 -7.000000
9.000000 -7.000000
5.000000 -11.000000
11.000000 -11.000000
11.000000 -7.000000
5.000000 -7.000000
-6.000000 -1.000000
-2.000000 -1.000000
-2.000000 1.000000
-6.000000 1.000000
-12.000000 -4.000000
-6.000000 -4.000000
-6.000000 4.000000
-12.000000 4.000000
11.000000 -10.000000
14.000000 -10.000000
14.000000 -8.000000
11.000000 -8.000000
14.000000 -12.000000
20.000000 -12.000000
20.000000 -6.000000
14.000000 -6.000000
-10.000000 4.000000
-8.000000 4.000000
-8.000000 7.000000
-10.000000 7.000000
7.000000 -3.000000
9.000000 -3.000000
WALLS 88
0 1 -1 0.000000 0.000000 6 6 6 20 0 0.500000 0.500000
1 4 -1 0.000000 0.000000 6 6 6 20 0 0.500000 0.500000
4 7 1 0.000000 1.100000 6 6 6 3 0 1.000000 1.000000
7 2 -1 0.000000 0.000000 6 6 6 20 0 0.500000 0.500000
2 3 -1 0.000000 0.000000 6 6 6 20 0 0.500000 0.500000
3 40 -1 0.000000 0.000000 6 6 6 20 0 0.500000 0.500000
40 39 9 0.000000 1.000000 6 6 6 3 0 1.000000 1.000000
39 0 -1 0.000000 0.000000 6 6 6 20 0 0.500000 0.500000
4 5 -1 0.000000 0.000000 7 7 7 20 0 0.500000 0.500000
5 6 2 0.000000 1.100000 7 7 7 1 0 1.000000 1.000000
6 7 -1 0.000000 0.000000 7 7 7 20 0 0.500000 0.500000
7 4 0 0.000000 1.100000 7 7 7 1 0 1.000000 1.000000
8 58 -1 0.000000 0.000000 8 8 8 20 0 0.500000 0.500000
58 59 7 0.000000 1.100000 8 8 8 3 0 1.000000 1.000000
59 9 -1 0.000000 0.000000 8 8 8 20 0 0.500000 0.500000
9 24 -1 0.000000 0.000000 8 8 8 20 0 0.500000 0.500000
24 27 5 0.000000 1.200000 8 8 8 3 0 1.000000 1.000000
27 10 -1 0.000000 0.000000 8 8 8 20 0 0.500000 0.500000
10 13 -1 0.000000 0.000000 8 8 8 20 0 0.500000 0.500000
13 12 3 0.100000 1.300000 8 8 8 11 0 1.000000 1.000000
12 11 -1 0.000000 0.000000 8 8 8 20 0 0.500000 0.500000
11 6 -1 0.000000 0.000000 8 8 8 20 0 0.500000 0.500000
6 5 1 0.000000 1.100000 8 8 8 3 0 1.000000 1.000000
5 8 -1 0.000000 0.000000 8 8 8 20 0 0.500000 0.500000
12 13 2 0.100000 1.300000 7 7 7 1 0 1.000000 1.000000
13 14 -1 0.000000 0.000000 7 7 7 20 0 0.500000 0.500000
14 15 4 0.200000 1.300000 7 7 7 9 0 1.000000 1.000000
15 12 -1 0.000000 0.000000 7 7 7 20 0 0.500000 0.500000
16 15 -1 0.000000 0.000000 5 5 5 20 0 0.500000 0.500000
15 14 3 0.200000 1.300000 5 5 5 3 0 1.000000 1.000000
14 17 -1 0.000000 0.000000 5 5 5 20 0 0.500000 0.500000
17 20 -1 0.000000 0.000000 5 5 5 20 0 0.500000 0.500000
20 23 11 0.300000 1.000000 5 5 5 11 0 1.000000 1.000000
23 18 -1 0.000000 0.000000 5 5 5 20 0 0.500000 0.500000
18 19 -1 0.000000 0.000000 5 5 5 20 0 0.500000 0.500000
19 16 -1 0.000000 0.000000 5 5 5 20 0 0.500000 0.500000
24 25 -1 0.000000 0.000000 7 7 7 20 0 0.500000 0.500000
25 26 6 0.150000 1.200000 7 7 7 9 0 1.000000 1.000000
26 27 -1 0.000000 0.000000 7 7 7 20 0 0.500000 0.500000
27 24 2 0.000000 1.200000 7 7 7 1 0 1.000000 1.000000
28 29 -1 0.000000 0.000000 9 9 9 20 0 0.500000 0.500000
29 30 -1 0.000000 0.000000 9 9 9 20 0 0.500000 0.500000
30 31 -1 0.000000 0.000000 9 9 9 20 0 0.500000 0.500000
31 26 -1 0.000000 0.000000 9 9 9 20 0 0.500000 0.500000
26 25 5 0.150000 1.200000 9 9 9 3 0 1.000000 1.000000
25 28 -1 0.000000 0.000000 9 9 9 20 0 0.500000 0.500000
32 33 8 -0.200000 1.100000 6 6 6 1 0 1.000000 1.000000
33 59 -1 0.000000 0.000000 6 6 6 20 0 0.500000 0.500000
59 58 2 0.000000 1.100000 6 6 6 9 0 1.000000 1.000000
58 32 -1 0.000000 0.000000 6 6 6 20 0 0.500000 0.500000
34 35 -1 0.000000 0.000000 4 4 4 20 0 0.500000 0.500000
35 46 -1 0.000000 0.000000 4 4 4 20 0 0.500000 0.500000
46 49 12 -0.300000 1.000000 4 4 4 3 0 1.000000 1.000000
49 36 -1 0.000000 0.000000 4 4 4 20 0 0.500000 0.500000
36 33 -1 0.000000 0.000000 4 4 4 20 0 0.500000 0.500000
33 32 7 -0.200000 1.100000 4 4 4 11 0 1.000000 1.000000
32 37 -1 0.000000 0.000000 4 4 4 20 0 0.500000 0.500000
37 34 -1 0.000000 0.000000 4 4 4 20 0 0.500000 0.500000
38 39 -1 0.000000 0.000000 3 3 3 20 0 0.500000 0.500000
39 40 0 0.000000 1.000000 3 3 3 1 0 1.000000 1.000000
40 41 -1 0.000000 0.000000 3 3 3 20 0 0.500000 0.500000
41 38 10 0.050000 1.000000 3 3 3 9 0 1.000000 1.000000
42 43 -1 0.000000 0.000000 2 2 2 20 0 0.500000 0.500000
43 38 -1 0.000000 0.000000 2 2 2 20 0 0.500000 0.500000
38 41 9 0.050000 1.000000 2 2 2 3 0 1.000000 1.000000
41 44 -1 0.000000 0.000000 2 2 2 20 0 0.500000 0.500000
44 55 -1 0.000000 0.000000 2 2 2 20 0 0.500000 0.500000
55 54 14 0.400000 1.300000 2 2 2 11 0 1.000000 1.000000
54 45 -1 0.000000 0.000000 2 2 2 20 0 0.500000 0.500000
45 42 -1 0.000000 0.000000 2 2 2 20 0 0.500000 0.500000
20 21 -1 0.000000 0.000000 1 1 1 20 0 0.500000 0.500000
21 22 -1 0.000000 0.000000 1 1 1 20 0 0.500000 0.500000
22 23 -1 0.000000 0.000000 1 1 1 20 0 0.500000 0.500000
23 20 4 0.300000 1.000000 1 1 1 1 0 1.000000 1.000000
46 47 -1 0.000000 0.000000 6 6 6 20 0 0.500000 0.500000
47 48 13 -0.600000 1.000000 6 6 6 1 0 1.000000 1.000000
48 49 -1 0.000000 0.000000 6 6 6 20 0 0.500000 0.500000
49 46 8 -0.300000 1.000000 6 6 6 9 0 1.000000 1.000000
50 51 -1 0.000000 0.000000 10 10 10 20 0 0.500000 0.500000
51 52 -1 0.000000 0.000000 10 10 10 20 0 0.500000 0.500000
52 53 -1 0.000000 0.000000 10 10 10 20 0 0.500000 0.500000
53 48 -1 0.000000 0.000000 10 10 10 20 0 0.500000 0.500000
48 47 12 -0.600000 1.000000 10 10 10 11 0 1.000000 1.000000
47 50 -1 0.000000 0.000000 10 10 10 20 0 0.500000 0.500000
54 55 10 0.400000 1.300000 4 4 4 1 0 1.000000 1.000000
55 56 -1 0.000000 0.000000 4 4 4 20 0 0.500000 0.500000
56 57 -1 0.000000 0.000000 4 4 4 20 0 0.500000 0.500000
57 54 -1 0.000000 0.000000 4 4 4 20 0 0.500000 0.500000
SECTORS 15
0 8 8 0.000000 1.200000 8 1 0 0 0 0.000000 0.000000 1.200000 1.200000 0.000000 0.000000 0.700000 0.700000 0.000000 0.500000 0.500000 0.000000
8 4 4 0.000000 1.100000 7 1 0 0 0 0.000000 0.000000 1.100000 1.100000 0.000000 0.000000 0.700000 0.700000 0.000000 0.500000 0.500000 0.000000
12 12 12 0.000000 1.400000 6 2 1 0 0 0.000000 0.000000 1.400000 1.400000 0.000000 0.000000 0.700000 0.700000 0.000000 0.500000 0.500000 0.000000
24 4 4 0.100000 1.300000 5 1 0 0 0 0.100000 0.100000 1.300000 1.300000 0.000000 0.000000 0.700000 0.700000 0.000000 0.500000 0.500000 0.000000
28 8 8 0.200000 1.600000 5 3 1 0 0 0.200000 0.200000 1.600000 1.600000 0.000000 0.000000 0.700000 0.700000 0.000000 0.500000 0.500000 0.000000
36 4 4 0.000000 1.200000 7 1 0 0 0 0.000000 0.000000 1.200000 1.200000 0.000000 0.000000 0.700000 0.700000 0.000000 0.500000 0.500000 0.000000
40 6 6 0.150000 1.500000 9 2 1 0 0 0.150000 0.150000 1.500000 1.500000 0.000000 0.000000 0.700000 0.700000 0.000000 0.500000 0.500000 0.000000
46 4 4 -0.200000 1.100000 6 1 0 0 0 -0.200000 -0.200000 1.100000 1.100000 0.000000 0.000000 0.700000 0.700000 0.000000 0.500000 0.500000 0.000000
50 8 8 -0.300000 1.200000 4 1 0 0 0 -0.300000 -0.300000 1.200000 1.200000 0.000000 0.000000 0.700000 0.700000 0.000000 0.500000 0.500000 0.000000
58 4 4 0.000000 1.000000 3 1 0 0 0 0.000000 0.000000 1.000000 1.000000 0.000000 0.000000 0.700000 0.700000 0.000000 0.500000 0.500000 0.000000
62 8 8 0.050000 1.400000 2 1 0 0 0 0.050000 0.050000 1.400000 1.400000 0.000000 0.000000 0.700000 0.700000 0.000000 0.500000 0.500000 0.000000
70 4 4 0.300000 1.000000 1 1 0 0 0 0.300000 0.300000 1.000000 1.000000 0.000000 0.000000 0.700000 0.700000 0.000000 0.500000 0.500000 0.000000
74 4 4 -0.600000 1.000000 6 2 0 0 0 -0.600000 -0.600000 1.000000 1.000000 0.000000 0.000000 1.000000 1.000000 0.000000 0.500000 0.500000 0.000000
78 6 6 -0.900000 1.200000 10 1 0 0 0 -0.900000 -0.900000 1.200000 1.200000 0.000000 0.000000 1.000000 1.000000 0.000000 0.500000 0.500000 0.000000
84 4 4 0.400000 1.300000 4 2 0 0 0 0.400000 0.400000 1.300000 1.300000 0.000000 0.000000 0.700000 0.700000 0.000000 0.500000 0.500000 0.000000
OBJECTS 8
0.000000 0.000000 0.000000 0 0 0 1 0.400000 1 0 0
8.000000 0.000000 0.000000 0 0 0 2 0.350000 2 0 0
8.000000 9.000000 0.200000 0 0 0 3 0.500000 3 0 0
17.000000 0.000000 0.150000 0 0 0 4 0.450000 4 0 0
-9.000000 0.000000 0.050000 0 0 0 5 0.450000 5 0 0
8.000000 -9.000000 -0.300000 0 0 0 6 0.500000 6 0 0
17.000000 -9.000000 -0.900000 0 0 0 7 0.550000 7 0 0
-9.000000 5.500000 0.400000 0 0 0 8 0.350000 8 0 0
