MAPEDIT9
START -1.900000 -2.900000 0.000000 0
VERTS 20
-5.700000 -3.900000
-2.500000 5.100000
5.000000 -3.900000
-0.900000 -3.200000
-2.000000 -3.900000
-0.300000 -3.500000
0.300000 -3.500000
0.600000 -3.200000
0.600000 -2.600000
0.300000 -2.300000
-0.300000 -2.300000
-0.600000 -2.600000
-0.600000 -3.200000
-0.300000 -3.900000
-2.700000 -3.300000
0.300000 -2.100000
1.700000 -1.500000
-0.500000 -2.000000
-0.800000 -2.200000
-1.400000 -1.800000
WALLS 28
0 1 -1 0.000000 0.000000 1 1 1 0 20 0 1.000000 1.000000 0.000000 0.000000
1 19 -1 0.000000 0.000000 1 1 1 0 20 0 1.000000 1.000000 0.000000 0.000000
19 18 -1 0.000000 0.000000 1 1 1 2 2324 0 1.000000 1.000000 0.000000 0.000000
18 17 -1 0.000000 0.000000 1 1 1 0 20 0 1.000000 1.000000 0.000000 0.000000
17 15 -1 0.000000 0.000000 1 1 1 0 20 0 1.000000 1.000000 0.000000 0.000000
15 16 -1 0.000000 0.000000 1 1 1 0 20 0 1.000000 1.000000 0.000000 0.000000
16 2 -1 0.000000 0.000000 1 1 1 0 20 0 1.000000 1.000000 0.000000 0.000000
2 13 -1 0.000000 0.000000 1 1 1 1 20 0 1.000000 1.000000 0.000000 0.000000
13 3 -1 0.000000 0.000000 1 1 1 1 20 0 1.000000 1.000000 0.000000 0.000000
3 4 -1 0.000000 0.000000 1 3 1 1 1300 0 1.000000 1.000000 0.000000 0.000000
4 14 -1 0.000000 0.000000 1 1 1 1 20 0 1.000000 1.000000 0.000000 0.000000
14 0 -1 0.000000 0.000000 1 1 1 1 20 0 1.000000 1.000000 0.000000 0.000000
5 6 1 0.000000 2.000000 1 255 1 0 1 0 1.000000 1.000000 0.000000 0.000000
6 7 1 0.000000 2.000000 1 255 1 0 1 0 1.000000 1.000000 0.000000 0.000000
7 8 1 0.000000 2.000000 1 255 1 0 1 0 1.000000 1.000000 0.000000 0.000000
8 9 1 0.000000 2.000000 1 255 1 0 1 0 1.000000 1.000000 0.000000 0.000000
9 10 1 0.000000 2.000000 1 255 1 0 1 0 1.000000 1.000000 0.000000 0.000000
10 11 1 0.000000 2.000000 1 255 1 0 1 0 1.000000 1.000000 0.000000 0.000000
11 12 1 0.000000 2.000000 1 255 1 0 1 0 1.000000 1.000000 0.000000 0.000000
12 5 1 0.000000 2.000000 1 255 1 0 1 0 1.000000 1.000000 0.000000 0.000000
5 12 0 0.000000 2.000000 1 255 1 0 1 0 1.000000 1.000000 0.000000 0.000000
12 11 0 0.000000 2.000000 1 255 1 0 1 0 1.000000 1.000000 0.000000 0.000000
11 10 0 0.000000 2.000000 1 255 1 0 1 0 1.000000 1.000000 0.000000 0.000000
10 9 0 0.000000 2.000000 1 255 1 0 1 0 1.000000 1.000000 0.000000 0.000000
9 8 0 0.000000 2.000000 1 255 1 0 1 0 1.000000 1.000000 0.000000 0.000000
8 7 0 0.000000 2.000000 1 255 1 0 1 0 1.000000 1.000000 0.000000 0.000000
7 6 0 0.000000 2.000000 1 255 1 0 1 0 1.000000 1.000000 0.000000 0.000000
6 5 0 0.000000 2.000000 1 255 1 0 1 0 1.000000 1.000000 0.000000 0.000000
SECTORS 2
0 20 20 0.000000 2.000000 3 255 0 0 0 0 0.000000 0.000000 2.000000 2.000000 0.000000 0.000000 1.000000 1.000000 0.000000 1.000000 1.000000 0.000000 0
20 8 8 0.000000 2.000000 3 255 0 0 2 0 0.000000 0.600000 2.000000 2.000000 1.000000 0.000000 1.000000 1.000000 0.000000 1.000000 1.000000 0.000000 0
OBJECTS 2
-1.200000 -4.000000 0.000000 1 2 1 2 0.350000 1 1 2 1.000000 1.000000 0.000000
-0.900000 -1.500000 0.000000 2 2 1 3 0.350000 1 1 2 1.000000 1.000000 0.000000
OBJECTLABELS 2


