MAPEDIT5
START 4.400000 0.700000 0.000000 0
VERTS 54
-1.600000 -2.900000
0.400000 4.400000
10.400000 6.600000
11.900001 -3.900000
2.000000 -2.000000
8.500000 -3.400000
10.200000 2.800000
7.200000 4.000000
6.300000 3.400000
6.700000 2.400000
7.800000 1.600000
8.200000 0.300000
7.700000 -0.700000
7.000000 -1.200000
5.100000 -1.300000
2.700000 -0.700000
1.200000 -0.500000
0.500000 -0.800000
0.500000 -1.200000
0.700000 -1.700000
7.400000 -3.500000
5.700000 -3.300000
3.300000 -3.000000
2.400000 -2.600000
9.400001 -2.800000
10.300000 -1.900000
11.000000 -0.800000
11.300000 0.100000
11.400000 1.300000
11.000000 2.200000
9.700001 3.400000
9.400001 3.800000
7.700000 4.300000
8.700001 4.300000
8.100000 -0.300000
8.100000 1.000000
9.700001 0.100000
9.800000 0.100000
9.800000 0.200000
9.700001 0.200000
5.900000 0.300000
6.000000 0.300000
6.100000 0.400000
6.100000 0.500000
6.000000 0.600000
5.900000 0.600000
5.800000 0.500000
5.800000 0.400000
5.500000 7.000000
14.700000 2.700000
14.000000 -0.300000
6.600000 -6.000000
1.500000 -5.200000
-2.100000 -0.200000
WALLS 86
0 53 -1 0.000000 0.000000 1 1 1 20 0 1.000000 1.000000
53 1 -1 0.000000 0.000000 1 1 1 20 0 1.000000 1.000000
1 48 -1 0.000000 0.000000 1 1 1 20 0 1.000000 1.000000
48 2 -1 0.000000 0.000000 1 1 1 20 0 1.000000 1.000000
2 49 -1 0.000000 0.000000 1 1 1 20 0 1.000000 1.000000
49 50 -1 0.000000 0.000000 1 1 1 20 0 1.000000 1.000000
50 3 -1 0.000000 0.000000 1 1 1 20 0 1.000000 1.000000
3 51 -1 0.000000 0.000000 1 1 1 20 0 1.000000 1.000000
51 52 -1 0.000000 0.000000 1 1 1 20 0 1.000000 1.000000
52 0 -1 0.000000 0.000000 1 1 1 20 0 1.000000 1.000000
4 23 1 0.000000 1.000000 1 255 5 1 5242880 1.000000 1.000000
23 22 1 0.000000 1.000000 1 255 5 1 5242880 1.000000 1.000000
22 21 1 0.000000 1.000000 1 255 5 1 5242880 1.000000 1.000000
21 20 1 0.000000 1.000000 1 255 5 1 5242880 1.000000 1.000000
20 5 1 0.000000 1.000000 1 255 5 1 5242880 1.000000 1.000000
5 24 1 0.000000 1.000000 1 255 5 1 5242880 1.000000 1.000000
24 25 1 0.000000 1.000000 1 255 5 1 5242880 1.000000 1.000000
25 26 1 0.000000 1.000000 1 255 5 1 5242880 1.000000 1.000000
26 27 1 0.000000 1.000000 1 255 5 1 5242880 1.000000 1.000000
27 28 1 0.000000 1.000000 1 255 5 1 5242880 1.000000 1.000000
28 29 1 0.000000 1.000000 1 255 5 1 5242880 1.000000 1.000000
29 6 1 0.000000 1.000000 1 255 5 1 5242880 1.000000 1.000000
6 30 1 0.000000 1.000000 1 255 5 1 5242880 1.000000 1.000000
30 31 1 0.000000 1.000000 1 255 5 1 5242880 1.000000 1.000000
31 33 1 0.000000 1.000000 1 255 5 1 5242880 1.000000 1.000000
33 32 1 0.000000 1.000000 1 255 5 1 5242880 1.000000 1.000000
32 7 1 0.000000 1.000000 1 255 5 1 5242880 1.000000 1.000000
7 8 1 0.000000 1.000000 1 255 5 1 5242880 1.000000 1.000000
8 9 1 0.000000 1.000000 1 255 5 1 5242880 1.000000 1.000000
9 10 1 0.000000 1.000000 1 255 5 1 5242880 1.000000 1.000000
10 35 1 0.000000 1.000000 1 255 5 1 5242880 1.000000 1.000000
35 11 1 0.000000 1.000000 1 255 5 1 5242880 1.000000 1.000000
11 34 1 0.000000 1.000000 1 255 5 1 5242880 1.000000 1.000000
34 12 1 0.000000 1.000000 1 255 5 1 5242880 1.000000 1.000000
12 13 1 0.000000 1.000000 1 255 5 1 5242880 1.000000 1.000000
13 14 1 0.000000 1.000000 1 255 5 1 5242880 1.000000 1.000000
14 15 1 0.000000 1.000000 1 255 5 1 5242880 1.000000 1.000000
15 16 1 0.000000 1.000000 1 255 5 1 5242880 1.000000 1.000000
16 17 1 0.000000 1.000000 1 255 5 1 5242880 1.000000 1.000000
17 18 1 0.000000 1.000000 1 255 5 1 5242880 1.000000 1.000000
18 19 1 0.000000 1.000000 1 255 5 1 5242880 1.000000 1.000000
19 4 1 0.000000 1.000000 1 255 5 1 5242880 1.000000 1.000000
40 41 -1 0.000000 0.000000 1 1 1 20 0 1.000000 1.000000
41 42 -1 0.000000 0.000000 1 1 1 20 0 1.000000 1.000000
42 43 -1 0.000000 0.000000 1 1 1 20 0 1.000000 1.000000
43 44 -1 0.000000 0.000000 1 1 1 20 0 1.000000 1.000000
44 45 -1 0.000000 0.000000 1 1 1 20 0 1.000000 1.000000
45 46 -1 0.000000 0.000000 1 1 1 20 0 1.000000 1.000000
46 47 -1 0.000000 0.000000 1 1 1 20 0 1.000000 1.000000
47 40 -1 0.000000 0.000000 1 1 1 20 0 1.000000 1.000000
4 19 0 0.000000 1.000000 1 255 2 11 5242880 1.000000 1.000000
19 18 0 0.000000 1.000000 1 255 2 11 5242880 1.000000 1.000000
18 17 0 0.000000 1.000000 1 255 2 11 5242880 1.000000 1.000000
17 16 0 0.000000 1.000000 1 255 2 11 5242880 1.000000 1.000000
16 15 0 0.000000 1.000000 1 255 2 11 5242880 1.000000 1.000000
15 14 0 0.000000 1.000000 1 255 2 11 5242880 1.000000 1.000000
14 13 0 0.000000 1.000000 1 255 2 11 5242880 1.000000 1.000000
13 12 0 0.000000 1.000000 1 255 2 11 5242880 1.000000 1.000000
12 34 0 0.000000 1.000000 1 255 2 11 5242880 1.000000 1.000000
34 11 0 0.000000 1.000000 1 255 2 11 5242880 1.000000 1.000000
11 35 0 0.000000 1.000000 1 255 2 11 5242880 1.000000 1.000000
35 10 0 0.000000 1.000000 1 255 2 11 5242880 1.000000 1.000000
10 9 0 0.000000 1.000000 1 255 2 11 5242880 1.000000 1.000000
9 8 0 0.000000 1.000000 1 255 2 11 5242880 1.000000 1.000000
8 7 0 0.000000 1.000000 1 255 2 11 5242880 1.000000 1.000000
7 32 0 0.000000 1.000000 1 255 2 11 5242880 1.000000 1.000000
32 33 0 0.000000 1.000000 1 255 2 11 5242880 1.000000 1.000000
33 31 0 0.000000 1.000000 1 255 2 11 5242880 1.000000 1.000000
31 30 0 0.000000 1.000000 1 255 2 11 5242880 1.000000 1.000000
30 6 0 0.000000 1.000000 1 255 2 11 5242880 1.000000 1.000000
6 29 0 0.000000 1.000000 1 255 2 11 5242880 1.000000 1.000000
29 28 0 0.000000 1.000000 1 255 2 11 5242880 1.000000 1.000000
28 27 0 0.000000 1.000000 1 255 2 11 5242880 1.000000 1.000000
27 26 0 0.000000 1.000000 1 255 2 11 5242880 1.000000 1.000000
26 25 0 0.000000 1.000000 1 255 2 11 5242880 1.000000 1.000000
25 24 0 0.000000 1.000000 1 255 2 11 5242880 1.000000 1.000000
24 5 0 0.000000 1.000000 1 255 2 11 5242880 1.000000 1.000000
5 20 0 0.000000 1.000000 1 255 2 11 5242880 1.000000 1.000000
20 21 0 0.000000 1.000000 1 255 2 11 5242880 1.000000 1.000000
21 22 0 0.000000 1.000000 1 255 2 11 5242880 1.000000 1.000000
22 23 0 0.000000 1.000000 1 255 2 11 5242880 1.000000 1.000000
23 4 0 0.000000 1.000000 1 255 2 11 5242880 1.000000 1.000000
36 37 -1 0.000000 0.000000 1 1 1 20 0 1.000000 1.000000
37 38 -1 0.000000 0.000000 1 1 1 20 0 1.000000 1.000000
38 39 -1 0.000000 0.000000 1 1 1 20 0 1.000000 1.000000
39 36 -1 0.000000 0.000000 1 1 1 20 0 1.000000 1.000000
SECTORS 2
0 50 50 0.000000 1.000000 3 1 0 0 0 0 0.000000 0.000000 1.000000 2.000000 0.000000 0.000000 1.000000 1.000000 0.000000 1.000000 1.000000 0.000000 0
50 36 36 -0.100000 1.100000 5 255 6 0 1 0 -0.100000 1.000000 1.100000 2.000000 0.400000 0.000000 1.000000 1.000000 0.000000 1.000000 1.000000 0.000000 0
OBJECTS 0
