MAPEDIT4
START -23.100000 -30.100000 0.000000 7
VERTS 292
-0.900000 -3.200000
0.900000 -3.200000
1.000000 -7.000000
-1.000000 -7.000000
1.000000 -9.000000
-5.000000 -3.000000
3.000000 -7.000000
3.000000 -9.000000
0.800000 -13.000000
-1.100000 -11.000000
-5.000000 -11.000000
-11.000000 -3.000000
-7.000000 -13.000000
-7.000000 -5.000000
-11.000000 -5.000000
-11.000000 -9.000000
-13.000000 -1.000000
-13.000000 -9.000000
-11.000000 -1.000000
-17.000000 -9.000000
-17.000000 -5.000000
-13.000000 -7.000000
-13.000000 -5.000000
-15.000000 -7.000000
-15.000000 -9.000000
-17.000000 -7.000000
-17.000000 -15.000000
-25.000000 -6.600000
-23.000000 -14.600000
-21.000000 -12.900000
-19.000000 -12.900000
-19.100000 -11.000000
-20.900000 -11.000000
-23.000000 -9.300000
-24.690001 -9.000000
-29.000000 -5.000000
-24.990000 -13.010000
-29.000000 -13.210000
-25.000000 -5.000000
-31.400000 -11.000000
-35.000000 -11.000000
-35.000000 -18.000000
-29.000000 -19.000000
-32.599998 -16.000000
-31.400002 -16.000000
-31.400002 -13.000000
-33.000000 -13.400000
-17.000000 -17.000000
-19.000000 -17.000000
-19.400002 -15.000000
-29.000000 -17.000000
-17.000000 -19.000000
-25.000000 -19.000000
-25.000000 -21.000000
-21.000000 -21.000000
-21.000000 -19.000000
-27.000000 -19.000000
-27.000000 -27.000000
-29.000000 -27.000000
-31.000000 -19.000000
-33.000000 -19.000000
-31.000000 -28.000000
-33.000000 -28.000000
-27.000000 -23.000000
-25.000000 -23.000000
-25.000000 -31.000000
-27.000000 -29.000000
-23.000000 -25.000000
-25.000000 -25.000000
-21.000000 -31.000000
-23.000000 -27.000000
-21.000000 -27.000000
-25.000000 -29.000000
-19.000000 -29.200001
-11.000000 -23.000000
-11.000000 -33.000000
-35.000000 -28.000000
-29.000000 -28.000000
-29.000000 -36.000000
-35.000000 -36.000000
-33.000000 -34.000000
-31.000000 -34.000000
-31.000000 -30.000000
-33.000000 -30.000000
-19.000000 -23.000000
-19.000000 -33.000000
-17.100000 -28.900000
-13.100000 -29.100000
-12.900000 -27.100000
-17.100000 -27.100000
-13.000000 -17.000000
-15.000000 -19.000000
-13.000000 -23.000000
-15.000000 -23.000000
-13.000000 -19.000000
-9.000000 -17.000000
-9.000000 -19.000000
-9.000000 -21.000000
-7.000000 -17.000000
-7.000000 -23.000000
-10.990000 -21.000000
-9.000000 -23.000000
-1.000000 -35.000000
-9.000000 -35.000000
-7.000000 -33.000000
-3.000000 -33.000000
-1.000000 -33.000000
1.000000 -31.009998
-3.000000 -27.000000
1.000000 -33.000000
-1.000000 -21.000000
-1.000000 -31.009998
-5.000000 -21.000000
-5.000000 -27.000000
-6.700000 -31.000000
-6.700000 -29.000000
-6.200000 -29.000000
-6.200000 -31.000000
-5.700000 -29.000000
-5.700000 -31.000000
-5.200000 -29.000000
-5.200000 -31.000000
-4.700000 -29.000000
-4.700000 -31.000000
-4.200000 -29.000000
-4.200000 -31.000000
-3.200000 -29.000000
-3.200000 -31.000000
1.000000 -29.000000
1.000000 -31.000002
-2.000000 -1.000000
-2.000000 2.000000
2.000000 2.000000
2.000000 -1.000000
-1.000000 -2.600000
1.000000 -2.600000
-0.900000 -3.000000
0.900000 -3.000000
-1.000000 -3.000000
1.000000 -3.000000
1.000000 -3.200000
-1.000000 -3.200000
-27.000000 -13.000000
-25.000000 -11.000000
-27.000000 -11.000000
-31.000000 -15.600000
-31.000000 -13.400000
-32.599998 -13.000000
-33.000000 -15.600000
-7.300000 -35.099998
-8.600000 -35.099998
-7.600000 -35.500000
-8.300000 -35.500000
-7.000000 -35.000000
-8.900000 -35.000000
-7.200000 -34.900002
-7.100000 -34.900002
-8.700000 -34.900002
-8.800000 -34.900002
-8.400000 -35.090000
-7.500000 -35.090000
-7.700000 -34.900002
-8.200000 -34.900002
-8.600000 -35.200001
-7.300000 -35.200001
-8.600000 -35.000000
-7.300000 -35.000000
-8.300000 -35.300003
-8.200000 -35.300003
-8.200000 -35.200001
-8.300000 -35.200001
-7.700000 -35.300003
-7.600000 -35.300003
-7.600000 -35.200001
-7.700000 -35.200001
1.100000 -12.900000
1.000000 -12.800000
0.900000 -13.100000
0.800000 -12.990002
0.990000 -12.800003
-0.990000 -10.100000
-0.990000 -11.009998
-1.900000 -11.009998
-1.000000 -10.100000
-1.900000 -11.000000
-1.000000 -10.900000
-7.099998 -28.000000
-7.009998 -28.000000
-7.009998 -27.900000
-7.099998 -27.900000
-7.109996 -28.000000
-7.109996 -27.900000
-8.990002 -27.500000
-8.990002 -28.400000
-9.000000 -28.400000
-9.000000 -27.500000
-7.000000 -27.900000
-7.000000 -28.000000
-7.000000 -31.000000
-7.000000 -29.000002
-15.700000 -26.900000
-16.299999 -26.900000
-15.600000 -27.000000
-16.400000 -27.000000
-14.300000 -27.100000
-13.500000 -27.100000
-14.400001 -27.000000
-13.400001 -27.000000
-13.100000 -26.900000
-13.000000 -27.200001
-13.100000 -27.400000
-13.100000 -27.800001
-13.000000 -27.900000
-12.900000 -28.900000
-16.900002 -29.100000
-16.900002 -26.900000
-13.900001 -29.000000
-14.100000 -28.799999
-16.400000 -29.000000
-16.200001 -28.799999
-16.799999 -29.000000
-17.000000 -28.800001
-16.799999 -27.000000
-17.000000 -27.200001
-13.200000 -27.000000
-13.000000 -27.300001
-13.000001 -28.799999
-13.200001 -29.000000
-15.100000 -28.900002
-14.900001 -28.900002
-15.200000 -28.799999
-14.800000 -28.799999
-14.800000 -27.000000
-15.200000 -27.000000
-14.900001 -26.900000
-15.099999 -26.900000
-17.000000 -28.300001
-17.000000 -27.800001
-31.400000 -15.200000
-31.400000 -13.800000
-31.000000 -15.400001
-31.000000 -13.600000
-31.100000 -15.400001
-31.100000 -13.600000
-28.800001 -13.010000
-31.000000 -10.600000
-24.990000 -9.300000
-23.300001 -9.000000
-24.600000 -7.000000
-19.000000 -12.600000
-19.000000 -11.400000
-19.200001 -12.400000
-19.200001 -11.600000
-19.400000 -11.000000
-19.600000 -11.200000
-20.400000 -11.200000
-20.600000 -11.000000
-21.000000 -11.400000
-20.799999 -11.600000
-20.799999 -12.400000
-21.000000 -12.600000
-20.600000 -13.000000
-20.400002 -12.800000
-19.600000 -12.800000
-19.400002 -13.000000
-19.000000 -11.100000
-21.000000 -11.100000
-20.900000 -13.000000
-19.100000 -13.000000
-19.000000 -15.400000
-22.600000 -15.000000
-34.000000 -19.000000
-31.000000 -7.000000
-21.000000 -30.800001
-21.000000 -29.200001
-20.199999 -29.199999
-20.199999 -30.800001
-19.000000 -30.800001
-19.800001 -30.800001
-19.800001 -29.200001
-23.600000 -33.300003
-20.299999 -33.000000
-23.500000 -31.200001
-21.200001 -31.200001
-23.500000 -31.000000
-21.200001 -31.000000
-22.900000 -34.000000
-20.900000 -34.000000
-22.400000 -33.100002
-21.500000 -33.100002
-21.600000 -32.400002
-22.300001 -32.400002
WALLS 383
0 1 20 0.000000 0.900000 6 6 6 3 0 0.500000 0.500000
1 140 -1 0.000000 0.000000 1 6 1 20 262176 0.500000 0.500000
140 2 -1 0.000000 0.000000 1 7 1 20 0 0.500000 0.500000
2 3 1 0.000000 1.000000 7 7 7 1 0 0.500000 0.500000
3 141 -1 0.000000 0.000000 1 7 1 20 0 0.500000 0.500000
141 0 -1 0.000000 0.000000 1 6 1 20 262176 0.500000 0.500000
3 2 0 0.000000 1.000000 7 7 7 1 0 1.000000 1.000000
2 4 2 0.000000 1.000000 7 7 7 1 0 1.000000 1.000000
4 176 -1 0.000000 0.000000 7 7 7 20 0 0.500000 0.500000
176 175 -1 0.000000 0.000000 7 7 7 20 7340032 0.500000 0.500000
175 177 -1 0.000000 0.000000 7 5 7 20 7340032 0.500000 0.500000
177 8 -1 0.000000 0.000000 7 7 7 20 7340032 0.500000 0.500000
8 12 -1 0.000000 0.000000 7 7 7 20 0 0.500000 0.500000
12 13 -1 0.000000 0.000000 7 7 7 20 0 0.500000 0.500000
13 14 -1 0.000000 0.000000 7 7 7 20 0 0.500000 0.500000
14 11 3 0.000000 1.000000 7 7 7 1 0 0.500000 0.500000
11 5 -1 0.000000 0.000000 7 7 7 20 0 0.500000 0.500000
5 10 -1 0.000000 0.000000 7 7 7 20 0 0.500000 0.500000
10 184 -1 0.000000 0.000000 7 7 7 20 0 0.500000 0.500000
184 9 -1 0.000000 0.000000 7 7 7 20 6291456 0.500000 0.500000
9 185 -1 0.000000 0.000000 7 7 7 20 6291456 0.500000 0.500000
185 183 -1 0.000000 0.000000 7 7 7 20 6291456 0.500000 0.500000
183 3 -1 0.000000 0.000000 7 7 7 20 0 0.500000 0.500000
178 179 26 0.000000 1.000000 1 1 1 1 0 1.000000 1.000000
179 180 26 0.000000 1.000000 1 1 1 1 0 1.000000 1.000000
180 181 26 0.000000 1.000000 1 1 1 1 0 1.000000 1.000000
181 182 26 0.000000 1.000000 1 1 1 1 0 1.000000 1.000000
182 178 26 0.000000 1.000000 1 1 1 1 0 1.000000 1.000000
4 2 1 0.000000 1.000000 7 7 7 1 0 1.000000 1.000000
2 6 -1 0.000000 0.000000 7 7 7 20 0 0.500000 0.500000
6 7 -1 0.000000 0.000000 7 7 7 20 0 0.500000 0.500000
7 4 -1 0.000000 0.000000 7 7 7 20 0 0.500000 0.500000
11 14 1 0.000000 1.000000 7 7 7 1 0 1.000000 1.000000
14 15 -1 0.000000 0.000000 7 7 7 20 0 0.500000 0.500000
15 17 -1 0.000000 0.000000 7 7 7 20 0 0.500000 0.500000
17 21 -1 0.000000 0.000000 7 7 7 20 0 0.500000 0.500000
21 23 -1 0.000000 0.000000 7 7 7 20 0 0.500000 0.500000
23 24 -1 0.000000 0.000000 7 7 7 20 0 0.500000 0.500000
24 19 -1 0.000000 0.000000 7 7 7 20 0 0.500000 0.500000
19 25 4 0.000000 1.000000 7 7 7 1 0 1.000000 1.000000
25 20 -1 0.000000 0.000000 7 7 7 20 0 0.500000 0.500000
20 22 -1 0.000000 0.000000 7 7 7 20 0 0.500000 0.500000
22 16 -1 0.000000 0.000000 7 7 7 20 0 0.500000 0.500000
16 18 -1 0.000000 0.000000 7 7 7 20 0 0.500000 0.500000
18 11 -1 0.000000 0.000000 7 7 7 20 0 0.500000 0.500000
25 19 3 0.000000 1.000000 7 7 7 1 0 1.000000 1.000000
19 26 -1 0.000000 0.000000 7 7 7 20 0 0.500000 0.500000
26 47 -1 0.000000 0.000000 7 7 7 20 0 0.500000 0.500000
47 48 5 0.000000 1.000000 7 7 7 1 0 0.500000 0.500000
48 269 -1 0.000000 0.000000 7 7 7 20 0 0.500000 0.500000
269 49 -1 0.000000 0.000000 7 7 7 20 0 0.500000 0.500000
49 270 -1 0.000000 0.000000 7 7 7 20 0 0.500000 0.500000
270 28 -1 0.000000 0.000000 7 7 7 20 0 0.500000 0.500000
28 33 -1 0.000000 0.000000 7 7 7 20 0 0.500000 0.500000
33 247 -1 0.000000 0.000000 7 7 7 20 0 0.500000 0.500000
247 34 -1 0.000000 0.000000 7 7 7 20 0 0.500000 0.500000
34 246 -1 0.000000 0.000000 7 7 7 20 0 0.500000 0.500000
246 36 -1 0.000000 0.000000 7 7 7 20 0 0.500000 0.500000
36 244 -1 0.000000 0.000000 7 7 7 20 0 0.500000 0.500000
244 37 -1 0.000000 0.000000 7 7 7 20 0 0.500000 0.500000
37 50 -1 0.000000 0.000000 7 7 7 20 0 0.500000 0.500000
50 42 5 0.000000 1.000000 7 7 7 1 0 0.500000 0.500000
42 59 -1 0.000000 0.000000 7 7 7 20 0 0.500000 0.500000
59 60 6 0.000000 1.000000 7 7 7 1 0 0.500000 0.500000
60 271 -1 0.000000 0.000000 7 7 7 20 0 0.500000 0.500000
271 41 -1 0.000000 0.000000 7 7 7 20 0 0.500000 0.500000
41 40 -1 0.000000 0.000000 7 7 7 20 0 0.500000 0.500000
40 39 -1 0.000000 0.000000 7 7 7 20 0 0.500000 0.500000
39 245 -1 0.000000 0.000000 7 7 7 20 0 0.500000 0.500000
245 272 -1 0.000000 0.000000 7 7 7 20 0 0.500000 0.500000
272 35 -1 0.000000 0.000000 7 7 7 20 0 0.500000 0.500000
35 38 -1 0.000000 0.000000 7 7 7 20 0 0.500000 0.500000
38 27 -1 0.000000 0.000000 7 7 7 20 0 0.500000 0.500000
27 248 -1 0.000000 0.000000 7 7 7 20 0 0.500000 0.500000
248 25 -1 0.000000 0.000000 7 7 7 20 0 0.500000 0.500000
29 267 -1 0.000000 0.000000 7 6 7 20 262176 0.500000 0.500000
267 261 -1 0.000000 0.000000 7 6 7 20 262176 0.500000 0.500000
261 262 -1 0.000000 0.000000 7 6 7 20 262176 0.500000 0.500000
262 263 -1 0.000000 0.000000 7 7 7 20 0 0.500000 0.500000
263 264 -1 0.000000 0.000000 7 6 7 20 262176 0.500000 0.500000
264 268 -1 0.000000 0.000000 7 6 7 20 262176 0.500000 0.500000
268 30 -1 0.000000 0.000000 7 6 7 20 262176 0.500000 0.500000
30 249 -1 0.000000 0.000000 7 6 7 20 262176 0.500000 0.500000
249 251 -1 0.000000 0.000000 7 6 7 20 262176 0.500000 0.500000
251 252 -1 0.000000 0.000000 7 7 7 20 0 0.500000 0.500000
252 250 -1 0.000000 0.000000 7 6 7 20 262176 0.500000 0.500000
250 265 -1 0.000000 0.000000 7 6 7 20 262176 0.500000 0.500000
265 31 -1 0.000000 0.000000 7 6 7 20 262176 0.500000 0.500000
31 253 -1 0.000000 0.000000 7 6 7 20 262176 0.500000 0.500000
253 254 -1 0.000000 0.000000 7 6 7 20 262176 0.500000 0.500000
254 255 -1 0.000000 0.000000 7 7 7 20 0 0.500000 0.500000
255 256 -1 0.000000 0.000000 7 6 7 20 262176 0.500000 0.500000
256 32 -1 0.000000 0.000000 7 6 7 20 262176 0.500000 0.500000
32 266 -1 0.000000 0.000000 7 6 7 20 262176 0.500000 0.500000
266 257 -1 0.000000 0.000000 7 6 7 20 262176 0.500000 0.500000
257 258 -1 0.000000 0.000000 7 6 7 20 262176 0.500000 0.500000
258 259 -1 0.000000 0.000000 7 7 7 20 0 0.500000 0.500000
259 260 -1 0.000000 0.000000 7 6 7 20 262176 0.500000 0.500000
260 29 -1 0.000000 0.000000 7 6 7 20 262176 0.500000 0.500000
43 44 -1 0.000000 0.000000 7 6 7 20 262176 1.000000 1.000000
44 145 -1 0.000000 0.000000 7 6 7 20 262176 1.000000 1.000000
145 240 -1 0.000000 0.000000 7 6 7 20 262176 1.000000 1.000000
240 241 30 0.300000 0.700000 6 6 6 11 262176 1.000000 1.000000
241 146 -1 0.000000 0.000000 7 6 7 20 262176 1.000000 1.000000
146 45 -1 0.000000 0.000000 7 6 7 20 262176 1.000000 1.000000
45 147 -1 0.000000 0.000000 7 6 7 20 262176 1.000000 1.000000
147 46 -1 0.000000 0.000000 7 6 7 20 262176 1.000000 1.000000
46 148 -1 0.000000 0.000000 7 6 7 20 262176 1.000000 1.000000
148 43 -1 0.000000 0.000000 7 6 7 20 262176 1.000000 1.000000
142 36 21 0.000000 1.000000 7 7 7 1 0 1.000000 1.000000
36 143 21 0.000000 1.000000 7 7 7 1 0 1.000000 1.000000
143 144 21 0.000000 1.000000 7 7 7 1 0 1.000000 1.000000
144 142 21 0.000000 1.000000 7 7 7 1 0 1.000000 1.000000
42 50 4 0.000000 1.000000 7 7 7 1 0 1.000000 1.000000
50 48 -1 0.000000 0.000000 7 7 7 20 0 0.500000 0.500000
48 47 4 0.000000 1.000000 7 7 7 1 0 0.500000 0.500000
47 51 9 0.000000 1.000000 7 7 7 1 0 0.500000 0.500000
51 55 -1 0.000000 0.000000 7 7 7 20 0 0.500000 0.500000
55 54 -1 0.000000 0.000000 7 7 7 20 0 0.500000 0.500000
54 53 -1 0.000000 0.000000 7 7 7 20 0 0.500000 0.500000
53 52 -1 0.000000 0.000000 7 7 7 20 0 0.500000 0.500000
52 56 -1 0.000000 0.000000 7 7 7 20 0 0.500000 0.500000
56 63 -1 0.000000 0.000000 7 7 7 20 0 0.500000 0.500000
63 57 7 0.000000 1.000000 7 7 7 1 0 0.500000 0.500000
57 58 -1 0.000000 0.000000 7 7 7 20 0 0.500000 0.500000
58 42 -1 0.000000 0.000000 7 7 7 20 0 0.500000 0.500000
60 59 4 0.000000 1.000000 7 7 7 1 0 1.000000 1.000000
59 61 -1 0.000000 0.000000 7 7 7 20 0 0.500000 0.500000
61 77 -1 0.000000 0.000000 7 7 7 20 0 0.500000 0.500000
77 78 -1 0.000000 0.000000 7 7 7 20 0 0.500000 0.500000
78 79 -1 0.000000 0.000000 7 7 7 20 0 0.500000 0.500000
79 76 -1 0.000000 0.000000 7 7 7 20 0 0.500000 0.500000
76 62 -1 0.000000 0.000000 7 7 7 20 0 0.500000 0.500000
62 60 -1 0.000000 0.000000 7 7 7 20 0 0.500000 0.500000
80 81 -1 0.000000 0.000000 7 7 7 20 0 0.500000 0.500000
81 82 -1 0.000000 0.000000 7 7 7 20 0 0.500000 0.500000
82 83 -1 0.000000 0.000000 7 7 7 20 0 0.500000 0.500000
83 80 -1 0.000000 0.000000 7 7 7 20 0 0.500000 0.500000
69 285 -1 0.000000 0.000000 7 7 7 20 0 0.500000 0.500000
285 284 33 0.000000 1.000000 7 7 7 1 0 0.500000 0.500000
284 65 -1 0.000000 0.000000 7 7 7 20 0 0.500000 0.500000
65 72 -1 0.000000 0.000000 7 7 7 20 0 0.500000 0.500000
72 66 -1 0.000000 0.000000 7 7 7 20 0 0.500000 0.500000
66 57 -1 0.000000 0.000000 7 7 7 20 0 0.500000 0.500000
57 63 5 0.000000 1.000000 7 7 7 1 0 1.000000 1.000000
63 64 -1 0.000000 0.000000 7 7 7 20 0 0.500000 0.500000
64 68 -1 0.000000 0.000000 7 7 7 20 0 0.500000 0.500000
68 67 -1 0.000000 0.000000 7 7 7 20 0 0.500000 0.500000
67 70 -1 0.000000 0.000000 7 7 7 20 0 0.500000 0.500000
70 71 -1 0.000000 0.000000 7 7 7 20 0 0.500000 0.500000
71 274 -1 0.000000 0.000000 7 7 7 20 0 0.500000 0.500000
274 275 -1 0.000000 0.000000 7 7 7 20 0 0.500000 0.500000
275 276 31 0.000000 1.000000 7 7 7 1 8 0.500000 0.500000
276 273 -1 0.000000 0.000000 7 7 7 20 0 0.500000 0.500000
273 69 -1 0.000000 0.000000 7 7 7 20 0 0.500000 0.500000
73 84 -1 0.000000 0.000000 7 7 7 20 0 0.500000 0.500000
84 93 -1 0.000000 0.000000 7 7 7 20 0 0.500000 0.500000
93 92 9 0.000000 1.000000 7 7 7 1 0 0.500000 0.500000
92 74 -1 0.000000 0.000000 7 7 7 20 0 0.500000 0.500000
74 75 -1 0.000000 0.000000 7 7 7 20 0 0.500000 0.500000
75 85 -1 0.000000 0.000000 7 7 7 20 0 0.500000 0.500000
85 277 -1 0.000000 0.000000 7 7 7 20 0 0.500000 0.500000
277 278 -1 0.000000 0.000000 7 7 7 20 0 0.500000 0.500000
278 279 31 0.000000 1.000000 7 7 7 1 8 0.500000 0.500000
279 73 -1 0.000000 0.000000 7 7 7 20 0 0.500000 0.500000
86 214 -1 0.000000 0.000000 7 6 7 20 262176 0.500000 0.500000
214 220 -1 0.000000 0.000000 7 6 7 20 262176 0.500000 0.500000
220 218 -1 0.000000 0.000000 7 7 7 20 0 0.500000 0.500000
218 219 -1 0.000000 0.000000 7 7 7 20 0 0.500000 0.500000
219 230 -1 0.000000 0.000000 7 7 7 20 0 0.500000 0.500000
230 228 -1 0.000000 0.000000 7 6 7 20 262176 0.500000 0.500000
228 229 -1 0.000000 0.000000 7 6 7 20 262176 0.500000 0.500000
229 231 -1 0.000000 0.000000 7 6 7 20 262176 0.500000 0.500000
231 217 -1 0.000000 0.000000 7 7 7 20 0 0.500000 0.500000
217 216 -1 0.000000 0.000000 7 7 7 20 0 0.500000 0.500000
216 227 -1 0.000000 0.000000 7 7 7 20 0 0.500000 0.500000
227 87 -1 0.000000 0.000000 7 6 7 20 262176 0.500000 0.500000
87 213 -1 0.000000 0.000000 7 6 7 20 262176 0.500000 0.500000
213 226 -1 0.000000 0.000000 7 6 7 20 262176 0.500000 0.500000
226 212 -1 0.000000 0.000000 7 7 7 20 0 0.500000 0.500000
212 211 -1 0.000000 0.000000 7 7 7 20 0 0.500000 0.500000
211 210 -1 0.000000 0.000000 7 7 7 20 0 0.500000 0.500000
210 225 -1 0.000000 0.000000 7 7 7 20 0 0.500000 0.500000
225 209 -1 0.000000 0.000000 7 7 7 20 0 0.500000 0.500000
209 88 -1 0.000000 0.000000 7 6 7 20 262176 0.500000 0.500000
88 208 -1 0.000000 0.000000 7 6 7 20 262176 0.500000 0.500000
208 224 -1 0.000000 0.000000 7 6 7 20 262176 0.500000 0.500000
224 207 -1 0.000000 0.000000 7 7 7 20 0 0.500000 0.500000
207 205 -1 0.000000 0.000000 7 7 7 20 0 0.500000 0.500000
205 204 -1 0.000000 0.000000 7 7 7 20 0 0.500000 0.500000
204 206 -1 0.000000 0.000000 7 7 7 20 0 0.500000 0.500000
206 232 -1 0.000000 0.000000 7 7 7 20 0 0.500000 0.500000
232 234 -1 0.000000 0.000000 7 6 7 20 262176 0.500000 0.500000
234 235 -1 0.000000 0.000000 7 6 7 20 262176 0.500000 0.500000
235 233 -1 0.000000 0.000000 7 6 7 20 262176 0.500000 0.500000
233 202 -1 0.000000 0.000000 7 7 7 20 0 0.500000 0.500000
202 200 -1 0.000000 0.000000 7 7 7 20 0 0.500000 0.500000
200 201 -1 0.000000 0.000000 7 9 7 20 15 1.000000 1.000000
201 203 -1 0.000000 0.000000 7 7 7 20 0 0.500000 0.500000
203 222 -1 0.000000 0.000000 7 7 7 20 0 0.500000 0.500000
222 215 -1 0.000000 0.000000 7 6 7 20 262176 0.500000 0.500000
215 89 -1 0.000000 0.000000 7 6 7 20 262176 0.500000 0.500000
89 223 -1 0.000000 0.000000 7 6 7 20 262176 0.500000 0.500000
223 237 -1 0.000000 0.000000 7 7 7 20 0 0.500000 0.500000
237 236 -1 0.000000 0.000000 7 7 7 20 0 0.500000 0.500000
236 221 -1 0.000000 0.000000 7 7 7 20 0 0.500000 0.500000
221 86 -1 0.000000 0.000000 7 6 7 20 262176 0.500000 0.500000
51 47 5 0.000000 1.000000 7 7 7 1 0 1.000000 1.000000
47 90 -1 0.000000 0.000000 7 7 7 20 0 0.500000 0.500000
90 94 10 0.000000 1.000000 7 7 7 1 0 0.500000 0.500000
94 92 -1 0.000000 0.000000 7 7 7 20 0 0.500000 0.500000
92 93 8 0.000000 1.000000 7 7 7 1 0 0.500000 0.500000
93 91 -1 0.000000 0.000000 7 7 7 20 0 0.500000 0.500000
91 51 -1 0.000000 0.000000 7 7 7 20 0 0.500000 0.500000
94 90 9 0.000000 1.000000 7 7 7 1 0 1.000000 1.000000
90 95 -1 0.000000 0.000000 7 7 7 20 0 0.500000 0.500000
95 98 -1 0.000000 0.000000 7 7 7 20 0 0.500000 0.500000
98 99 -1 0.000000 0.000000 7 7 7 20 0 0.500000 0.500000
99 101 11 0.000000 1.000000 7 7 7 1 0 0.500000 0.500000
101 74 -1 0.000000 0.000000 7 7 7 20 0 0.500000 0.500000
74 100 -1 0.000000 0.000000 7 7 7 20 0 0.500000 0.500000
100 97 -1 0.000000 0.000000 7 7 7 20 0 0.500000 0.500000
97 96 -1 0.000000 0.000000 7 7 7 20 0 0.500000 0.500000
96 94 -1 0.000000 0.000000 7 7 7 20 0 0.500000 0.500000
101 99 10 0.000000 1.000000 7 7 7 1 0 1.000000 1.000000
99 196 -1 0.000000 0.000000 7 7 7 20 0 0.500000 0.500000
196 197 -1 0.000000 0.000000 7 7 7 20 5242880 0.500000 0.500000
197 199 -1 0.000000 0.000000 7 7 7 20 0 0.500000 0.500000
199 115 -1 0.000000 0.000000 7 7 7 20 0 0.500000 0.500000
115 114 12 0.000000 1.000000 7 7 7 1 0 0.500000 0.500000
114 198 -1 0.000000 0.000000 7 7 7 20 0 0.500000 0.500000
198 104 -1 0.000000 0.000000 7 7 7 20 0 0.500000 0.500000
104 105 -1 0.000000 0.000000 7 7 7 20 0 0.500000 0.500000
105 108 -1 0.000000 0.000000 7 7 7 20 0 0.500000 0.500000
108 113 -1 0.000000 0.000000 7 7 7 20 0 0.500000 0.500000
113 112 -1 0.000000 0.000000 7 7 7 20 0 0.500000 0.500000
112 110 -1 0.000000 0.000000 7 7 7 20 0 0.500000 0.500000
110 111 -1 0.000000 0.000000 7 7 7 20 0 0.500000 0.500000
111 107 -1 0.000000 0.000000 7 7 7 20 0 0.500000 0.500000
107 109 -1 0.000000 0.000000 7 7 7 20 0 0.500000 0.500000
109 106 -1 0.000000 0.000000 7 7 7 20 0 0.500000 0.500000
106 102 -1 0.000000 0.000000 7 7 7 20 0 0.500000 0.500000
102 153 -1 0.000000 0.000000 7 7 7 20 0 0.500000 0.500000
153 156 -1 0.000000 0.000000 7 6 7 20 262176 0.500000 0.500000
156 155 -1 0.000000 0.000000 7 6 7 20 262176 0.500000 0.500000
155 166 -1 0.000000 0.000000 7 6 7 20 262176 0.500000 0.500000
166 149 -1 0.000000 0.000000 7 6 7 20 4456480 0.500000 0.500000
149 150 22 0.235000 0.729999 7 7 7 11 4 0.500000 0.500000
150 165 -1 0.000000 0.000000 7 6 7 20 4456480 0.500000 0.500000
165 157 -1 0.000000 0.000000 7 6 7 20 262176 0.500000 0.500000
157 158 -1 0.000000 0.000000 7 6 7 20 262176 0.500000 0.500000
158 154 -1 0.000000 0.000000 7 6 7 20 262176 0.500000 0.500000
154 103 -1 0.000000 0.000000 7 7 7 20 0 0.500000 0.500000
103 194 -1 0.000000 0.000000 7 7 7 20 0 0.500000 0.500000
194 195 -1 0.000000 0.000000 7 7 7 20 4194304 0.500000 0.500000
195 101 -1 0.000000 0.000000 7 7 7 20 0 0.500000 0.500000
159 160 23 0.200000 1.000000 1 1 1 9 0 1.000000 1.000000
160 161 23 0.200000 1.000000 6 6 6 9 0 1.000000 1.000000
161 162 23 0.200000 1.000000 6 6 6 9 0 1.000000 1.000000
162 159 23 0.200000 1.000000 6 6 6 9 0 1.000000 1.000000
186 187 27 0.200000 1.000000 1 1 1 9 0 1.000000 1.000000
187 188 27 0.200000 1.000000 1 1 1 9 0 1.000000 1.000000
188 189 27 0.200000 1.000000 1 1 1 9 0 1.000000 1.000000
189 186 27 0.200000 1.000000 1 1 1 9 0 1.000000 1.000000
190 191 28 0.000000 1.000000 1 1 1 1 0 1.000000 1.000000
191 192 28 0.000000 1.000000 1 1 1 1 0 1.000000 1.000000
192 193 28 0.000000 1.000000 1 1 1 1 0 1.000000 1.000000
193 190 28 0.000000 1.000000 1 1 1 1 0 1.000000 1.000000
115 116 -1 0.000000 0.000000 7 7 7 20 4 0.500000 0.500000
116 117 13 -0.200000 1.000000 7 7 7 1 0 1.000000 1.000000
117 114 -1 0.000000 0.000000 7 7 7 20 4 0.500000 0.500000
114 115 11 0.000000 1.000000 7 7 7 9 0 1.000000 1.000000
116 118 -1 0.000000 0.000000 7 7 7 20 4 0.500000 0.500000
118 119 14 -0.400000 1.000000 7 7 7 1 0 1.000000 1.000000
119 117 -1 0.000000 0.000000 7 7 7 20 4 0.500000 0.500000
117 116 12 -0.200000 1.000000 6 6 6 9 0 1.000000 1.000000
118 120 -1 0.000000 0.000000 7 7 7 20 4 0.500000 0.500000
120 121 15 -0.600000 1.000000 7 7 7 1 0 1.000000 1.000000
121 119 -1 0.000000 0.000000 7 7 7 20 4 0.500000 0.500000
119 118 13 -0.400000 1.000000 6 6 6 9 0 1.000000 1.000000
120 122 -1 0.000000 0.000000 7 7 7 20 4 0.500000 0.500000
122 123 16 -0.800000 1.000000 7 7 7 1 0 1.000000 1.000000
123 121 -1 0.000000 0.000000 7 7 7 20 4 0.500000 0.500000
121 120 14 -0.600000 1.000000 6 6 6 9 0 1.000000 1.000000
122 124 -1 0.000000 0.000000 7 7 7 20 4 0.500000 0.500000
124 125 17 -1.000000 0.500000 7 7 7 3 4 0.500000 0.500000
125 123 -1 0.000000 0.000000 7 7 7 20 4 0.500000 0.500000
123 122 15 -0.800000 1.000000 6 6 6 9 0 1.000000 1.000000
124 126 -1 0.000000 0.000000 7 7 7 20 8 0.500000 0.500000
126 127 18 -1.200000 -0.200000 7 7 7 3 4 0.500000 0.500000
127 125 -1 0.000000 0.000000 7 7 7 20 8 0.500000 0.500000
125 124 16 -1.000000 0.500000 6 6 6 9 0 1.000000 1.000000
126 128 -1 0.000000 0.000000 7 7 7 20 0 0.500000 0.500000
128 129 -1 0.000000 0.000000 7 7 7 20 0 0.500000 0.500000
129 127 -1 0.000000 0.000000 7 7 7 20 0 0.500000 0.500000
127 126 17 -1.200000 -0.200000 7 7 7 1 0 0.500000 0.500000
136 138 -1 0.000000 0.000000 7 6 7 20 262176 1.000000 1.000000
138 134 -1 0.000000 0.000000 7 7 7 20 2097160 0.500000 0.500000
134 130 -1 0.000000 0.000000 7 7 7 20 2097160 0.500000 0.500000
130 131 -1 0.000000 0.000000 7 7 7 20 2097160 0.500000 0.500000
131 132 -1 0.000000 0.000000 7 7 7 20 2097160 0.500000 0.500000
132 133 -1 0.000000 0.000000 7 7 7 20 2097160 0.500000 0.500000
133 135 -1 0.000000 0.000000 7 7 7 20 2097160 0.500000 0.500000
135 139 -1 0.000000 0.000000 7 7 7 20 2097160 0.500000 0.500000
139 137 -1 0.000000 0.000000 7 6 7 20 262176 1.000000 1.000000
137 136 20 0.000000 0.900000 6 6 6 3 0 1.000000 1.000000
137 1 -1 0.000000 0.000000 7 6 7 20 262176 1.000000 1.000000
1 0 0 0.000000 0.900000 6 6 6 1 0 1.000000 1.000000
0 136 -1 0.000000 0.000000 7 6 7 20 262176 1.000000 1.000000
136 137 19 0.000000 0.900000 6 6 6 1 0 1.000000 1.000000
142 144 4 0.000000 1.000000 7 7 7 1 0 1.000000 1.000000
144 143 4 0.000000 1.000000 7 7 7 1 0 1.000000 1.000000
143 36 4 0.000000 1.000000 7 7 7 1 0 1.000000 1.000000
36 142 4 0.000000 1.000000 7 7 7 1 0 1.000000 1.000000
150 149 11 0.235000 0.729999 1 1 1 1 0 1.000000 1.000000
149 164 -1 0.000000 0.000000 7 6 7 20 6553632 0.500000 0.500000
164 151 -1 0.000000 0.000000 7 1 7 20 6291464 0.500000 0.500000
151 152 -1 0.000000 0.000000 7 1 7 20 6291464 0.500000 0.500000
152 163 -1 0.000000 0.000000 7 1 7 20 6291464 0.500000 0.500000
163 150 -1 0.000000 0.000000 7 6 7 20 6553632 0.500000 0.500000
167 168 24 0.335000 0.729999 6 6 6 9 6553632 1.000000 1.000000
168 169 24 0.335000 0.729999 6 6 6 9 6553632 1.000000 1.000000
169 170 24 0.335000 0.729999 6 6 6 9 6553632 1.000000 1.000000
170 167 24 0.335000 0.729999 6 6 6 9 6553632 1.000000 1.000000
171 172 25 0.335000 0.729999 6 6 6 9 6553632 1.000000 1.000000
172 173 25 0.335000 0.729999 6 6 6 9 262176 1.000000 1.000000
173 174 25 0.335000 0.729999 6 6 6 9 6553632 1.000000 1.000000
174 171 25 0.335000 0.729999 6 6 6 9 6553632 1.000000 1.000000
159 162 11 0.200000 1.000000 1 1 1 1 0 1.000000 1.000000
162 161 11 0.200000 1.000000 1 1 1 1 0 1.000000 1.000000
161 160 11 0.200000 1.000000 1 1 1 1 0 1.000000 1.000000
160 159 11 0.200000 1.000000 1 1 1 1 0 1.000000 1.000000
167 170 22 0.335000 0.729999 1 1 1 3 0 1.000000 1.000000
170 169 22 0.335000 0.729999 1 1 1 3 0 1.000000 1.000000
169 168 22 0.335000 0.729999 1 1 1 3 0 1.000000 1.000000
168 167 22 0.335000 0.729999 1 1 1 3 0 1.000000 1.000000
171 174 22 0.335000 0.729999 1 1 1 3 0 1.000000 1.000000
174 173 22 0.335000 0.729999 1 1 1 3 0 1.000000 1.000000
173 172 22 0.335000 0.729999 1 1 1 3 6291456 1.000000 1.000000
172 171 22 0.335000 0.729999 1 1 1 3 0 1.000000 1.000000
178 182 1 0.000000 1.000000 1 1 1 1 0 1.000000 1.000000
182 181 1 0.000000 1.000000 1 1 1 1 0 1.000000 1.000000
181 180 1 0.000000 1.000000 1 1 1 1 0 1.000000 1.000000
180 179 1 0.000000 1.000000 1 1 1 1 0 1.000000 1.000000
179 178 1 0.000000 1.000000 1 1 1 1 0 1.000000 1.000000
186 189 11 0.200000 1.000000 1 1 1 1 0 1.000000 1.000000
189 188 11 0.200000 1.000000 1 1 1 1 0 1.000000 1.000000
188 187 11 0.200000 1.000000 1 1 1 1 0 1.000000 1.000000
187 186 11 0.200000 1.000000 1 1 1 1 0 1.000000 1.000000
190 193 11 0.000000 1.000000 1 1 1 1 0 1.000000 1.000000
193 192 11 0.000000 1.000000 1 1 1 1 0 1.000000 1.000000
192 191 11 0.000000 1.000000 1 1 1 1 0 1.000000 1.000000
191 190 11 0.000000 1.000000 1 1 1 1 0 1.000000 1.000000
242 238 -1 0.000000 0.000000 1 6 1 20 4194304 1.000000 1.000000
238 239 -1 0.000000 0.000000 1 6 1 20 4194304 1.000000 1.000000
239 243 -1 0.000000 0.000000 1 6 1 20 4194304 1.000000 1.000000
243 242 30 0.300000 0.700000 1 1 1 9 0 1.000000 1.000000
243 241 -1 0.000000 0.000000 1 6 1 20 4194304 1.000000 1.000000
241 240 4 0.300000 0.700000 1 1 1 1 0 1.000000 1.000000
240 242 -1 0.000000 0.000000 1 6 1 20 4194304 1.000000 1.000000
242 243 29 0.300000 0.700000 1 1 1 1 0 1.000000 1.000000
276 275 7 0.000000 1.000000 1 1 1 1 12 1.000000 1.000000
275 279 -1 0.000000 0.000000 1 7 1 20 8 0.500000 0.500000
279 278 8 0.000000 1.000000 1 1 1 1 0 1.000000 1.000000
278 276 -1 0.000000 0.000000 1 7 1 20 8 0.500000 0.500000
280 282 -1 0.000000 0.000000 1 1 1 20 0 1.000000 1.000000
282 283 33 0.000000 2.000000 1 1 1 1 0 1.000000 1.000000
283 281 -1 0.000000 0.000000 1 1 1 20 0 1.000000 1.000000
281 287 -1 0.000000 0.000000 1 1 1 20 0 1.000000 1.000000
287 286 -1 0.000000 0.000000 1 1 1 20 0 1.000000 1.000000
286 280 -1 0.000000 0.000000 1 1 1 20 0 1.000000 1.000000
288 289 34 0.010000 2.000000 1 1 1 9 0 1.000000 1.000000
289 290 34 0.010000 2.000000 1 1 1 9 0 1.000000 1.000000
290 291 34 0.010000 2.000000 1 1 1 9 0 1.000000 1.000000
291 288 34 0.010000 2.000000 1 1 1 9 0 1.000000 1.000000
282 284 -1 0.000000 0.000000 1 1 1 20 0 1.000000 1.000000
284 285 7 0.000000 1.000000 1 1 1 3 0 1.000000 1.000000
285 283 -1 0.000000 0.000000 1 1 1 20 0 1.000000 1.000000
283 282 32 0.000000 2.000000 1 1 1 1 0 1.000000 1.000000
288 291 32 0.010000 2.000000 1 1 1 1 0 1.000000 1.000000
291 290 32 0.010000 2.000000 1 1 1 1 0 1.000000 1.000000
290 289 32 0.010000 2.000000 1 1 1 1 0 1.000000 1.000000
289 288 32 0.010000 2.000000 1 1 1 1 0 1.000000 1.000000
SECTORS 35
0 6 6 0.000000 1.000000 8 1 0 0 0 0.000000 0.000000 1.000000 1.000000 0.000000 0.000000 0.700000 0.700000 0.000000 0.500000 0.500000 0.000000
6 22 22 0.000000 1.000000 8 1 0 0 0 0.000000 0.000000 1.000000 1.000000 0.000000 0.000000 0.700000 0.700000 0.000000 0.500000 0.500000 0.000000
28 4 4 0.000000 1.000000 8 1 0 0 0 0.000000 0.000000 1.000000 1.000000 0.000000 0.000000 0.700000 0.700000 0.000000 0.500000 0.500000 0.000000
32 13 13 0.000000 1.000000 8 1 0 0 0 0.000000 0.000000 1.000000 1.000000 0.000000 0.000000 0.700000 0.700000 0.000000 0.500000 0.500000 0.000000
45 68 68 0.000000 1.000000 8 1 0 0 0 0.000000 0.000000 1.000000 1.000000 0.000000 0.000000 0.700000 0.700000 0.000000 0.500000 0.500000 0.000000
113 13 13 0.000000 1.000000 8 1 0 0 0 0.000000 0.000000 1.000000 1.000000 0.000000 0.000000 0.700000 0.700000 0.000000 0.500000 0.500000 0.000000
126 12 12 0.000000 1.000000 8 1 0 0 0 0.000000 0.000000 1.000000 1.000000 0.000000 0.000000 0.700000 0.700000 0.000000 0.500000 0.500000 0.000000
138 17 17 0.000000 1.000000 8 1 0 0 0 0.000000 0.000000 1.000000 1.000000 0.000000 0.000000 0.700000 0.700000 0.000000 0.500000 0.500000 0.000000
155 52 52 0.000000 1.000000 8 1 0 0 0 0.000000 0.000000 1.000000 1.000000 0.000000 0.000000 0.700000 0.700000 0.000000 0.500000 0.500000 0.000000
207 7 7 0.000000 1.000000 8 1 0 0 0 0.000000 0.000000 1.000000 1.000000 0.000000 0.000000 0.700000 0.700000 0.000000 0.500000 0.500000 0.000000
214 10 10 0.000000 1.000000 8 1 0 0 0 0.000000 0.000000 1.000000 1.000000 0.000000 0.000000 0.700000 0.700000 0.000000 0.500000 0.500000 0.000000
224 44 44 0.000000 1.000000 8 1 0 0 0 0.000000 0.000000 1.000000 1.000000 0.000000 0.000000 0.700000 0.700000 0.000000 0.500000 0.500000 0.000000
268 4 4 -0.200000 1.000000 6 1 0 0 0 -0.200000 -0.200000 1.000000 1.000000 0.000000 0.000000 1.000000 1.000000 1.570796 0.500000 0.500000 0.000000
272 4 4 -0.400000 1.000000 6 1 0 0 0 -0.400000 -0.400000 1.000000 1.000000 0.000000 0.000000 1.000000 1.000000 1.570796 0.500000 0.500000 0.000000
276 4 4 -0.600000 1.000000 6 1 0 0 0 -0.600000 -0.600000 1.000000 1.000000 0.000000 0.000000 1.000000 1.000000 1.570796 0.500000 0.500000 0.000000
280 4 4 -0.800000 1.000000 6 1 0 0 0 -0.800000 -0.800000 1.000000 1.000000 0.000000 0.000000 1.000000 1.000000 1.570796 0.500000 0.500000 0.000000
284 4 4 -1.000000 1.000000 6 1 0 0 0 -1.000000 -1.000000 1.000000 1.000000 0.000000 0.000000 1.000000 1.000000 1.570796 0.500000 0.500000 0.000000
288 4 4 -1.200000 0.500000 8 1 0 0 0 -1.200000 -1.200000 0.500000 0.500000 0.000000 0.000000 1.000000 1.000000 0.000000 0.500000 0.500000 0.000000
292 4 4 -1.200000 -0.200000 8 1 0 0 0 -1.200000 -1.200000 -0.200000 -0.200000 0.000000 0.000000 0.700000 0.700000 0.000000 0.500000 0.500000 0.000000
296 10 10 0.000000 1.500000 8 255 3 0 0 0.000000 0.000000 1.500000 1.500000 0.000000 0.000000 0.700000 0.700000 0.000000 0.500000 0.500000 0.000000
306 4 4 0.000000 0.900000 2 6 0 0 0 0.000000 0.000000 0.900000 0.900000 0.000000 0.000000 0.500000 0.500000 0.000000 0.500000 0.500000 0.000000
310 4 4 0.000000 1.000000 4 1 7 0 0 0.000000 0.000000 1.000000 1.000000 0.000000 0.000000 0.700000 0.700000 0.000000 0.500000 0.500000 0.000000
314 14 14 0.235000 0.729999 7 7 6 0 0 0.235000 0.235000 0.729999 0.729999 0.000000 0.000000 1.000000 1.000000 0.000000 1.000000 1.000000 0.000000
328 4 4 0.200000 1.000000 6 1 4 0 0 0.200000 0.200000 1.000000 1.000000 0.000000 0.000000 0.700000 0.700000 0.000000 0.500000 0.500000 0.000000
332 4 4 0.335000 0.730000 6 7 6 0 0 0.335000 0.335000 0.730000 0.730000 0.000000 0.000000 1.000000 1.000000 0.000000 1.000000 1.000000 0.000000
336 4 4 0.335000 0.730000 6 7 6 0 0 0.335000 0.335000 0.730000 0.730000 0.000000 0.000000 1.000000 1.000000 0.000000 1.000000 1.000000 0.000000
340 5 5 0.000000 1.000000 8 1 7 0 0 0.000000 0.000000 1.000000 1.000000 0.000000 0.000000 0.700000 0.700000 0.000000 0.500000 0.500000 0.000000
345 4 4 0.200000 1.000000 4 1 7 0 0 0.200000 0.200000 1.000000 1.000000 0.000000 0.000000 1.000000 1.000000 0.000000 1.000000 1.000000 0.000000
349 4 4 0.000000 1.000000 8 1 5 0 0 0.000000 0.000000 1.000000 1.000000 0.000000 0.000000 0.500000 0.500000 0.000000 1.000000 1.000000 0.000000
353 4 4 0.290000 0.700000 5 6 6 0 0 0.290000 0.290000 0.700000 0.700000 0.000000 0.000000 0.300000 0.300000 1.570796 1.000000 1.000000 1.570796
357 4 4 0.300000 0.700000 6 6 3 0 0 0.300000 0.300000 0.700000 0.700000 0.000000 0.000000 1.000000 1.000000 1.570796 1.000000 1.000000 1.570796
361 4 4 0.000000 1.000000 8 1 0 1 0 0.000000 0.900000 0.002000 1.000000 0.000000 1.000000 0.500000 0.500000 0.000000 1.000000 1.000000 0.000000
365 10 10 0.000000 2.000000 3 255 0 0 0 0.000000 0.000000 2.000000 2.000000 0.000000 0.000000 1.000000 1.000000 0.000000 1.000000 1.000000 0.000000
375 4 4 0.000000 2.000000 3 255 0 0 0 0.000000 0.000000 2.000000 2.000000 0.000000 0.000000 1.000000 1.000000 0.000000 1.000000 1.000000 0.000000
379 4 4 0.010000 2.000000 3 255 0 0 0 0.000000 1.000000 2.000000 2.000000 0.400000 0.000000 1.000000 1.000000 0.000000 1.000000 1.000000 0.000000
