MAPEDIT5
START -23.400000 -18.800001 -1.600000 45
VERTS 498
-0.900000 -3.200000
0.900000 -3.200000
1.000000 -7.000000
-1.000000 -7.000000
1.000000 -9.000000
-5.000000 -3.000000
3.000000 -7.000000
3.000000 -9.000000
0.800000 -13.000000
-1.100000 -11.000000
-5.000000 -11.000000
-11.000000 -3.000000
-7.000000 -13.000000
-7.000000 -5.000000
-11.000000 -5.000000
-11.000000 -9.000000
-13.000000 -1.000000
-13.000000 -9.000000
-11.000000 -1.000000
-17.000000 -9.000000
-17.000000 -5.000000
-13.000000 -7.000000
-13.000000 -5.000000
-15.000000 -7.000000
-15.000000 -9.000000
-17.000000 -7.000000
-17.200001 -16.000000
-25.000000 -6.600000
-23.000000 -14.600000
-21.000000 -12.900000
-19.000000 -12.900000
-19.100000 -11.000000
-20.900000 -11.000000
-23.000000 -9.300000
-24.600000 -9.000000
-29.000000 -5.000000
-25.800001 -13.000000
-29.000000 -13.400001
-25.000000 -5.000000
-31.600000 -11.000000
-35.000000 -11.500000
-35.000000 -18.000000
-29.000000 -19.000000
-32.699997 -16.000000
-31.400002 -16.000000
-31.400002 -13.000000
-33.099998 -13.400000
-17.000000 -17.000000
-19.000000 -17.000000
-19.400002 -15.000000
-29.000000 -17.000000
-17.000000 -19.000000
-25.000000 -19.000000
-25.000000 -21.000000
-21.000000 -21.000000
-21.000000 -19.000000
-27.000000 -19.000000
-27.000000 -27.000000
-29.000000 -27.000000
-31.000000 -19.200001
-33.000000 -19.200001
-31.000000 -28.000000
-33.000000 -28.000000
-27.000000 -23.000000
-25.000000 -23.000000
-25.000000 -31.000000
-27.000000 -29.000000
-23.000000 -25.000000
-25.000000 -25.000000
-21.000000 -31.000000
-23.000000 -27.000000
-21.000000 -27.000000
-25.000000 -29.000000
-19.000000 -29.200001
-11.000000 -23.000000
-11.000000 -33.000000
-35.000000 -28.000000
-29.000000 -28.000000
-29.000000 -36.000000
-35.000000 -36.000000
-33.000000 -34.000000
-31.000000 -34.000000
-31.000000 -30.000000
-33.000000 -30.000000
-19.000000 -23.000000
-19.000000 -33.000000
-17.100000 -28.900000
-13.100000 -29.100000
-12.900000 -27.100000
-17.100000 -27.100000
-13.000000 -17.000000
-15.000000 -19.000000
-13.000000 -23.000000
-15.000000 -23.000000
-13.000000 -19.000000
-8.700000 -17.000000
-9.000000 -19.000000
-9.000000 -21.000000
-7.000000 -19.700001
-7.000000 -23.000000
-10.990000 -21.000000
-9.000000 -23.000000
-1.000000 -35.000000
-9.000000 -35.000000
-7.000000 -33.000000
-3.000000 -33.000000
-1.000000 -33.000000
1.000000 -31.009998
-3.000000 -27.000000
1.000000 -33.000000
-1.000000 -21.000000
-1.000000 -31.009998
-5.000000 -21.000000
-5.000000 -27.000000
-6.700000 -31.000000
-6.700000 -29.000000
-6.200000 -29.000000
-6.200000 -31.000000
-5.700000 -29.000000
-5.700000 -31.000000
-5.200000 -29.000000
-5.200000 -31.000000
-4.700000 -29.000000
-4.700000 -31.000000
-4.200000 -29.000000
-4.200000 -31.000000
-3.200000 -29.000000
-3.200000 -31.000000
1.000000 -29.000000
-2.000000 -1.000000
-2.000000 2.000000
2.000000 2.000000
2.000000 -1.000000
-1.000000 -2.600000
1.000000 -2.600000
-0.900000 -3.000000
0.900000 -3.000000
-1.000000 -3.000000
1.000000 -3.000000
1.000000 -3.200000
-1.000000 -3.200000
-31.000000 -15.600000
-31.000000 -13.400000
-32.599998 -13.000000
-33.099998 -15.600000
-7.300000 -35.099998
-8.600000 -35.099998
-7.600000 -35.500000
-8.300000 -35.500000
-7.000000 -35.000000
-8.900000 -35.000000
-7.200000 -34.900002
-7.100000 -34.900002
-8.700000 -34.900002
-8.800000 -34.900002
-8.400000 -35.090000
-7.500000 -35.090000
-7.700000 -34.900002
-8.200000 -34.900002
-8.600000 -35.200001
-7.300000 -35.200001
-8.600000 -35.000000
-7.300000 -35.000000
-8.300000 -35.300003
-8.200000 -35.300003
-8.200000 -35.200001
-8.300000 -35.200001
-7.700000 -35.300003
-7.600000 -35.300003
-7.600000 -35.200001
-7.700000 -35.200001
1.100000 -12.900000
1.000000 -12.800000
0.900000 -13.100000
-0.990000 -10.100000
-0.990000 -11.009998
-1.900000 -11.009998
-1.000000 -10.900000
-7.099998 -28.000000
-6.999998 -28.000000
-6.999998 -27.900000
-7.099998 -27.900000
-9.000002 -27.500000
-9.000002 -28.400000
-7.000000 -31.000000
-7.000000 -29.000002
-15.700000 -26.900000
-16.299999 -26.900000
-15.600000 -27.000000
-16.400000 -27.000000
-14.300000 -27.100000
-13.500000 -27.100000
-14.400001 -27.000000
-13.400001 -27.000000
-13.100000 -26.900000
-13.000000 -27.200001
-13.100000 -27.400000
-13.100000 -27.800001
-13.000000 -27.900000
-12.900000 -28.900000
-16.900002 -29.100000
-16.900002 -26.900000
-13.900001 -29.000000
-14.100000 -28.799999
-16.299999 -29.000000
-16.100000 -28.799999
-16.799999 -29.000000
-17.000000 -28.800001
-16.799999 -27.000000
-17.000000 -27.200001
-13.200000 -27.000000
-13.000000 -27.300001
-13.000001 -28.799999
-13.200001 -29.000000
-15.100000 -28.900002
-14.900001 -28.900002
-15.200000 -28.799999
-14.800000 -28.799999
-14.800000 -27.000000
-15.200000 -27.000000
-14.900001 -26.900000
-15.099999 -26.900000
-17.000000 -28.300001
-17.000000 -27.800001
-31.400000 -15.200000
-31.400000 -13.800000
-31.000000 -15.400001
-31.000000 -13.600000
-31.100000 -15.400001
-31.100000 -13.600000
-28.600000 -13.000000
-31.000000 -10.400001
-25.000000 -9.400001
-23.300001 -9.000000
-24.600000 -7.000000
-19.000000 -12.600000
-19.000000 -11.400000
-19.200001 -12.400000
-19.200001 -11.600000
-19.400000 -11.000000
-19.600000 -11.200000
-20.400000 -11.200000
-20.600000 -11.000000
-21.000000 -11.400000
-20.799999 -11.600000
-20.799999 -12.400000
-21.000000 -12.600000
-20.600000 -13.000000
-20.400002 -12.800000
-19.600000 -12.800000
-19.400002 -13.000000
-19.000000 -11.100000
-21.000000 -11.100000
-20.900000 -13.000000
-19.100000 -13.000000
-19.000000 -15.400000
-22.600000 -15.000000
-34.000000 -19.000000
-31.000000 -7.000000
-21.000000 -30.800001
-21.000000 -29.200001
-20.199999 -29.199999
-20.199999 -30.800001
-19.000000 -30.800001
-19.800001 -30.800001
-19.800001 -29.200001
-29.299999 -17.000002
-29.300001 -16.800001
-29.000002 -16.800001
-29.110001 -17.000000
-29.190001 -17.000000
-29.110001 -19.000000
-29.190001 -19.000000
-15.599999 -32.989986
-14.500000 -32.989986
-14.500000 -28.909998
-15.599999 -28.909998
-32.799999 -28.400002
-32.699997 -28.500002
-32.500000 -28.500002
-32.399998 -28.400002
-31.600000 -28.400002
-31.500002 -28.500002
-31.300001 -28.500002
-31.200001 -28.400002
-31.200001 -28.200003
-31.300001 -28.100002
-31.300001 -27.900000
-31.200001 -27.799999
-31.200001 -27.600000
-31.300001 -27.500000
-31.500002 -27.500000
-31.600000 -27.600000
-32.400002 -27.600000
-32.500000 -27.500000
-32.700001 -27.500000
-32.800003 -27.600000
-32.800003 -27.799999
-32.700001 -27.900000
-32.700001 -28.100000
-32.800003 -28.200001
-13.400002 -20.200001
-13.400002 -19.900002
-14.599998 -20.100000
-14.599998 -19.900002
-13.400002 -20.100000
-13.400002 -19.800001
-14.599999 -19.800001
-14.800001 -20.200001
-13.000000 -20.400000
-13.000000 -19.400000
-15.000000 -19.599998
-13.099999 -19.900002
-13.000000 -19.600002
-13.200000 -19.800001
-12.900000 -19.700001
-32.599998 -16.000000
-31.500000 -16.000000
-32.599998 -15.900001
-31.500002 -13.300000
-31.699999 -13.100000
-32.500000 -13.099999
-32.500000 -16.000000
-32.399998 -16.000000
-32.399998 -15.900002
-32.500000 -15.900002
-32.299999 -16.000000
-32.200001 -16.000000
-32.200001 -15.900002
-32.299999 -15.900002
-32.099998 -16.000000
-32.000000 -16.000000
-32.000000 -15.900002
-32.099998 -15.900002
-31.900002 -16.000000
-31.800001 -16.000000
-31.800001 -15.900002
-31.900002 -15.900002
-31.700001 -16.000000
-31.600000 -16.000000
-31.600000 -15.900002
-31.700001 -15.900002
-33.000000 -15.500000
-33.000000 -13.500000
-14.599999 -20.200001
-14.700001 -20.100000
-14.700001 -19.900000
-13.300000 -19.900000
-13.300000 -20.100000
-26.200001 -17.000000
-26.200001 -19.000000
-25.800001 -19.000000
-25.799999 -18.599998
-25.900000 -18.599998
-26.100000 -18.599998
-26.200001 -18.599998
-25.799999 -17.000000
-26.200001 -17.400000
-25.799999 -17.400002
-26.100000 -17.400000
-25.900000 -17.400000
-25.300001 -18.300001
-24.300001 -18.300001
-24.300001 -17.700001
-25.300001 -17.700001
-26.200001 -17.300001
-26.200001 -17.100000
-26.130001 -17.100000
-26.130001 -17.300001
-27.600000 -18.300001
-26.600000 -18.300001
-26.600000 -17.700001
-27.600000 -17.700001
-19.000000 -16.600002
-18.799999 -16.000000
-18.600000 -16.400002
-18.599998 -16.000000
-17.400000 -16.000000
-17.400002 -16.400002
-17.200003 -16.400000
-17.400000 -16.300001
-17.400000 -16.100000
-18.600000 -16.300001
-18.600000 -16.100000
-17.000000 -15.800000
-16.900000 -15.900001
-17.100000 -16.100000
-19.000000 -15.800000
-18.900002 -16.100000
-19.100000 -15.900001
-14.800000 -19.799999
-14.900000 -19.900000
-15.099999 -19.700001
-15.000000 -20.400000
-13.200001 -20.200001
-13.100000 -20.100000
-12.900001 -20.300001
-15.099999 -20.300001
-14.900000 -20.100000
-17.000000 -16.600000
-18.800001 -16.400000
-19.100000 -16.500000
-18.900000 -16.299999
-17.100000 -16.299999
-16.900002 -16.500000
-18.049999 -15.800000
-18.049999 -15.400000
-18.500000 -15.400000
-18.500000 -15.800000
-17.950001 -15.800000
-17.500000 -15.800000
-17.500000 -15.400001
-17.950001 -15.400001
-17.950001 -15.300000
-17.500000 -15.300000
-17.500000 -14.900001
-17.950001 -14.900001
-18.500000 -15.300000
-18.049999 -15.300000
-18.049999 -14.900001
-18.500000 -14.900001
-24.900002 -21.000000
-24.800001 -20.900000
-24.700001 -20.900000
-24.300001 -20.900000
-24.200001 -20.900000
-24.100000 -21.000000
-24.300001 -21.000000
-24.700001 -21.000000
-23.800001 -20.900000
-23.200001 -20.900000
-23.200001 -21.000000
-23.800001 -21.000000
-23.100000 -20.900000
-23.900000 -20.900000
-24.000000 -21.000000
-23.000000 -21.000000
-7.000000 -20.100000
-7.000000 -19.799999
-6.900000 -19.900000
-6.900000 -20.000000
-7.000000 -17.000000
-7.000000 -20.300001
-11.000000 -21.400000
-9.800000 -22.990002
-10.000000 -17.019999
-12.900001 -17.019999
-10.990003 -22.000000
-19.600000 -18.900000
-19.600000 -17.100000
-19.400000 -18.900000
-19.400000 -17.100000
-19.400000 -17.000000
-19.600000 -17.000000
-19.600000 -19.000000
-19.400000 -19.000000
-34.500000 -11.000000
-34.900002 -11.200000
-34.800003 -11.100000
-34.600002 -11.900000
-34.000004 -13.299999
-32.700001 -12.000001
-34.099998 -11.400001
-25.000000 -12.200000
-25.300001 -12.199999
-25.500000 -12.300000
-25.700001 -12.500000
-25.799999 -12.700001
-26.400000 -13.000000
-27.900002 -13.000000
-26.500000 -13.200000
-27.799999 -13.200000
-29.000000 -11.000000
-27.000000 -11.000000
-27.000000 -9.000000
-29.000000 -9.000000
-28.200001 -10.100000
-27.799999 -10.100000
-27.799999 -9.900001
-28.200001 -9.900001
-29.100000 -11.100000
-26.900000 -11.100000
-26.900000 -8.900001
-29.100000 -8.900001
-30.800001 -19.000000
-33.200001 -19.000000
-27.900000 -10.200001
-28.100000 -10.200001
-28.100000 -9.800000
-27.900000 -9.800000
-28.900000 -10.900001
-27.100000 -10.900001
-27.100000 -10.400001
-28.900000 -10.400001
-28.900000 -9.600000
-27.100000 -9.600000
-27.100000 -9.100000
-28.900000 -9.100000
WALLS 775
0 1 20 0.000000 0.900000 6 6 6 3 0 0.500000 0.500000
1 139 -1 0.000000 0.000000 1 6 1 20 262176 0.500000 0.500000
139 2 -1 0.000000 0.000000 1 7 1 20 0 0.500000 0.500000
2 3 1 0.000000 1.000000 7 7 7 1 0 0.500000 0.500000
3 140 -1 0.000000 0.000000 1 7 1 20 0 0.500000 0.500000
140 0 -1 0.000000 0.000000 1 6 1 20 262176 0.500000 0.500000
3 2 0 0.000000 1.000000 7 7 7 1 0 1.000000 1.000000
2 4 2 0.000000 1.000000 7 7 7 1 0 1.000000 1.000000
4 172 -1 0.000000 0.000000 7 7 7 20 0 0.500000 0.500000
172 171 -1 0.000000 0.000000 7 7 7 20 7340032 0.500000 0.500000
171 173 -1 0.000000 0.000000 7 5 7 20 7340032 0.500000 0.500000
173 8 -1 0.000000 0.000000 7 7 7 20 7340032 0.500000 0.500000
8 12 -1 0.000000 0.000000 7 7 7 20 0 0.500000 0.500000
12 13 -1 0.000000 0.000000 7 7 7 20 0 0.500000 0.500000
13 14 -1 0.000000 0.000000 7 7 7 20 0 0.500000 0.500000
14 11 3 0.000000 1.000000 7 7 7 1 0 0.500000 0.500000
11 5 -1 0.000000 0.000000 7 7 7 20 0 0.500000 0.500000
5 10 -1 0.000000 0.000000 7 7 7 20 0 0.500000 0.500000
10 176 -1 0.000000 0.000000 7 7 7 20 0 0.500000 0.500000
176 9 -1 0.000000 0.000000 7 7 7 20 6291456 0.500000 0.500000
9 177 -1 0.000000 0.000000 7 7 7 20 6291456 0.500000 0.500000
177 174 -1 0.000000 0.000000 7 7 7 20 6291456 0.500000 0.500000
174 3 -1 0.000000 0.000000 7 7 7 20 0 0.500000 0.500000
8 172 25 0.000000 1.000000 1 1 1 1 0 1.000000 1.000000
172 174 25 0.000000 1.000000 1 1 1 1 0 1.000000 1.000000
174 175 25 0.000000 1.000000 1 1 1 1 0 1.000000 1.000000
175 176 25 0.000000 1.000000 1 1 1 1 0 1.000000 1.000000
176 8 25 0.000000 1.000000 1 1 1 1 0 1.000000 1.000000
4 2 1 0.000000 1.000000 7 7 7 1 0 1.000000 1.000000
2 6 -1 0.000000 0.000000 7 7 7 20 0 0.500000 0.500000
6 7 -1 0.000000 0.000000 7 7 7 20 0 0.500000 0.500000
7 4 -1 0.000000 0.000000 7 7 7 20 0 0.500000 0.500000
11 14 1 0.000000 1.000000 7 7 7 1 0 1.000000 1.000000
14 15 -1 0.000000 0.000000 7 7 7 20 0 0.500000 0.500000
15 17 -1 0.000000 0.000000 7 7 7 20 0 0.500000 0.500000
17 21 -1 0.000000 0.000000 7 7 7 20 0 0.500000 0.500000
21 23 -1 0.000000 0.000000 7 7 7 20 0 0.500000 0.500000
23 24 -1 0.000000 0.000000 7 7 7 20 0 0.500000 0.500000
24 19 -1 0.000000 0.000000 7 7 7 20 0 0.500000 0.500000
19 25 4 0.000000 1.000000 7 7 7 1 0 1.000000 1.000000
25 20 -1 0.000000 0.000000 7 7 7 20 0 0.500000 0.500000
20 22 -1 0.000000 0.000000 7 7 7 20 0 0.500000 0.500000
22 16 -1 0.000000 0.000000 7 7 7 20 0 0.500000 0.500000
16 18 -1 0.000000 0.000000 7 7 7 20 0 0.500000 0.500000
18 11 -1 0.000000 0.000000 7 7 7 20 0 0.500000 0.500000
25 19 3 0.000000 1.000000 7 7 7 1 0 1.000000 1.000000
19 384 -1 0.000000 0.000000 7 7 7 20 0 0.500000 0.500000
384 26 50 0.400000 0.500000 7 7 7 11 0 0.500000 0.500000
26 377 -1 0.000000 0.000000 7 7 7 20 0 0.500000 0.500000
377 381 -1 0.000000 0.000000 7 7 7 20 0 0.500000 0.500000
381 380 -1 0.000000 0.000000 7 7 7 20 0 0.500000 0.500000
380 378 -1 0.000000 0.000000 7 7 7 20 0 0.500000 0.500000
378 379 -1 0.000000 0.000000 7 7 7 20 0 0.500000 0.500000
379 399 56 0.400000 0.500000 7 7 7 11 0 0.500000 0.500000
399 47 -1 0.000000 0.000000 7 7 7 20 0 0.500000 0.500000
47 48 45 0.000000 1.000000 7 7 7 1 0 0.500000 0.500000
48 373 -1 0.000000 0.000000 7 7 7 20 0 0.500000 0.500000
373 400 55 0.400000 0.500000 7 7 7 11 0 0.500000 0.500000
400 375 -1 0.000000 0.000000 7 7 7 20 0 0.500000 0.500000
375 382 -1 0.000000 0.000000 7 7 7 20 0 0.500000 0.500000
382 383 -1 0.000000 0.000000 7 7 7 20 0 0.500000 0.500000
383 376 -1 0.000000 0.000000 7 7 7 20 0 0.500000 0.500000
376 374 -1 0.000000 0.000000 7 7 7 20 0 0.500000 0.500000
374 387 51 0.400000 0.500000 7 7 7 11 0 0.500000 0.500000
387 255 -1 0.000000 0.000000 7 7 7 20 0 0.500000 0.500000
255 49 -1 0.000000 0.000000 7 7 7 20 0 0.500000 0.500000
49 256 -1 0.000000 0.000000 7 7 7 20 0 0.500000 0.500000
256 28 -1 0.000000 0.000000 7 7 7 20 0 0.500000 0.500000
28 33 -1 0.000000 0.000000 7 7 7 20 0 0.500000 0.500000
33 233 -1 0.000000 0.000000 7 7 7 20 0 0.500000 0.500000
233 34 -1 0.000000 0.000000 7 7 7 20 0 0.500000 0.500000
34 232 -1 0.000000 0.000000 7 7 7 20 0 0.500000 0.500000
232 463 -1 0.000000 0.000000 7 7 7 20 0 0.500000 0.500000
463 464 -1 0.000000 0.000000 7 6 7 20 262176 0.500000 0.500000
464 465 -1 0.000000 0.000000 7 6 7 20 262176 0.500000 0.500000
465 466 -1 0.000000 0.000000 7 6 7 20 262176 0.500000 0.500000
466 467 -1 0.000000 0.000000 7 6 7 20 262176 0.500000 0.500000
467 36 -1 0.000000 0.000000 7 6 7 20 262176 0.500000 0.500000
36 468 -1 0.000000 0.000000 7 7 7 20 0 0.500000 0.500000
468 469 70 0.265000 0.734999 7 7 7 11 0 0.500000 0.500000
469 230 -1 0.000000 0.000000 7 7 7 20 0 0.500000 0.500000
230 37 -1 0.000000 0.000000 7 7 7 20 0 0.500000 0.500000
37 268 -1 0.000000 0.000000 7 7 7 20 0 0.500000 0.500000
268 267 -1 0.000000 0.000000 7 7 7 20 0 0.500000 0.500000
267 266 -1 0.000000 0.000000 7 7 7 20 0 0.500000 0.500000
266 270 -1 0.000000 0.000000 7 7 7 20 0 0.500000 0.500000
270 269 -1 0.000000 0.000000 7 2 7 20 0 0.500000 0.500000
269 50 -1 0.000000 0.000000 7 7 7 20 0 0.500000 0.500000
50 42 5 0.000000 1.000000 7 7 7 1 0 0.500000 0.500000
42 271 -1 0.000000 0.000000 7 7 7 20 0 0.500000 0.500000
271 272 -1 0.000000 0.000000 7 2 7 20 0 0.500000 0.500000
272 484 -1 0.000000 0.000000 7 7 7 20 0 0.500000 0.500000
484 59 -1 0.000000 0.000000 7 7 7 20 0 0.500000 0.500000
59 60 6 0.000000 1.000000 7 7 7 1 0 0.500000 0.500000
60 485 -1 0.000000 0.000000 7 7 7 20 0 0.500000 0.500000
485 257 -1 0.000000 0.000000 7 7 7 20 0 0.500000 0.500000
257 41 -1 0.000000 0.000000 7 7 7 20 0 0.500000 0.500000
41 40 -1 0.000000 0.000000 7 7 7 20 0 0.500000 0.500000
40 456 68 0.265000 0.734999 7 7 7 11 3145731 0.500000 0.500000
456 39 -1 0.000000 0.000000 7 7 7 20 0 0.500000 0.500000
39 231 -1 0.000000 0.000000 7 7 7 20 0 0.500000 0.500000
231 258 -1 0.000000 0.000000 7 7 7 20 0 0.500000 0.500000
258 35 -1 0.000000 0.000000 7 7 7 20 0 0.500000 0.500000
35 38 -1 0.000000 0.000000 7 7 7 20 0 0.500000 0.500000
38 27 -1 0.000000 0.000000 7 7 7 20 0 0.500000 0.500000
27 234 -1 0.000000 0.000000 7 7 7 20 0 0.500000 0.500000
234 25 -1 0.000000 0.000000 7 7 7 20 0 0.500000 0.500000
29 253 -1 0.000000 0.000000 7 6 7 20 262176 0.500000 0.500000
253 247 -1 0.000000 0.000000 7 6 7 20 262176 0.500000 0.500000
247 248 -1 0.000000 0.000000 7 6 7 20 262176 0.500000 0.500000
248 249 -1 0.000000 0.000000 7 7 7 20 0 0.500000 0.500000
249 250 -1 0.000000 0.000000 7 6 7 20 262176 0.500000 0.500000
250 254 -1 0.000000 0.000000 7 6 7 20 262176 0.500000 0.500000
254 30 -1 0.000000 0.000000 7 6 7 20 262176 0.500000 0.500000
30 235 -1 0.000000 0.000000 7 6 7 20 262176 0.500000 0.500000
235 237 -1 0.000000 0.000000 7 6 7 20 262176 0.500000 0.500000
237 238 -1 0.000000 0.000000 7 7 7 20 0 0.500000 0.500000
238 236 -1 0.000000 0.000000 7 6 7 20 262176 0.500000 0.500000
236 251 -1 0.000000 0.000000 7 6 7 20 262176 0.500000 0.500000
251 31 -1 0.000000 0.000000 7 6 7 20 262176 0.500000 0.500000
31 239 -1 0.000000 0.000000 7 6 7 20 262176 0.500000 0.500000
239 240 -1 0.000000 0.000000 7 6 7 20 262176 0.500000 0.500000
240 241 -1 0.000000 0.000000 7 7 7 20 0 0.500000 0.500000
241 242 -1 0.000000 0.000000 7 6 7 20 262176 0.500000 0.500000
242 32 -1 0.000000 0.000000 7 6 7 20 262176 0.500000 0.500000
32 252 -1 0.000000 0.000000 7 6 7 20 262176 0.500000 0.500000
252 243 -1 0.000000 0.000000 7 6 7 20 262176 0.500000 0.500000
243 244 -1 0.000000 0.000000 7 6 7 20 262176 0.500000 0.500000
244 245 -1 0.000000 0.000000 7 7 7 20 0 0.500000 0.500000
245 246 -1 0.000000 0.000000 7 6 7 20 262176 0.500000 0.500000
246 29 -1 0.000000 0.000000 7 6 7 20 262176 0.500000 0.500000
43 316 -1 0.000000 0.000000 7 6 7 20 262176 1.000000 1.000000
316 318 -1 0.000000 0.000000 7 6 7 20 262176 1.000000 1.000000
318 342 -1 0.000000 0.000000 7 6 7 20 262176 1.000000 1.000000
342 343 -1 0.000000 0.000000 7 6 7 20 262176 1.000000 1.000000
343 321 -1 0.000000 0.000000 7 6 7 20 262176 1.000000 1.000000
321 320 -1 0.000000 0.000000 7 6 7 20 262176 1.000000 1.000000
320 319 -1 0.000000 0.000000 7 6 7 20 262176 1.000000 1.000000
319 317 -1 0.000000 0.000000 7 6 7 20 262176 1.000000 1.000000
317 44 -1 0.000000 0.000000 7 6 7 20 262176 1.000000 1.000000
44 141 -1 0.000000 0.000000 7 6 7 20 262176 1.000000 1.000000
141 226 -1 0.000000 0.000000 7 6 7 20 262176 1.000000 1.000000
226 227 29 0.300000 0.700000 6 6 6 11 262176 1.000000 1.000000
227 142 -1 0.000000 0.000000 7 6 7 20 262176 1.000000 1.000000
142 45 -1 0.000000 0.000000 7 6 7 20 262176 1.000000 1.000000
45 143 -1 0.000000 0.000000 7 6 7 20 262176 1.000000 1.000000
143 46 -1 0.000000 0.000000 7 6 7 20 5505056 1.000000 1.000000
46 144 -1 0.000000 0.000000 7 6 7 20 262176 1.000000 1.000000
144 43 -1 0.000000 0.000000 7 6 7 20 262176 1.000000 1.000000
272 271 31 0.000000 1.000000 1 1 1 1 0 1.000000 1.000000
271 269 31 0.000000 1.000000 6 6 6 1 0 1.000000 1.000000
269 270 31 0.000000 1.000000 1 1 1 1 0 1.000000 1.000000
270 272 31 0.000000 1.000000 6 6 6 1 0 1.000000 1.000000
322 323 37 0.000000 1.000000 6 6 6 1 262176 1.000000 1.000000
323 324 37 0.000000 1.000000 6 6 6 1 262176 1.000000 1.000000
324 325 37 0.000000 1.000000 6 6 6 1 262176 1.000000 1.000000
325 322 37 0.000000 1.000000 6 6 6 1 262176 1.000000 1.000000
326 327 38 0.000000 1.000000 6 6 6 1 262176 1.000000 1.000000
327 328 38 0.000000 1.000000 6 6 6 1 262176 1.000000 1.000000
328 329 38 0.000000 1.000000 6 6 6 1 262176 1.000000 1.000000
329 326 38 0.000000 1.000000 6 6 6 1 262176 1.000000 1.000000
330 331 39 0.000000 1.000000 6 6 6 1 262176 1.000000 1.000000
331 332 39 0.000000 1.000000 6 6 6 1 262176 1.000000 1.000000
332 333 39 0.000000 1.000000 6 6 6 1 262176 1.000000 1.000000
333 330 39 0.000000 1.000000 6 6 6 1 262176 1.000000 1.000000
334 335 40 0.000000 1.000000 6 6 6 1 262176 1.000000 1.000000
335 336 40 0.000000 1.000000 6 6 6 1 262176 1.000000 1.000000
336 337 40 0.000000 1.000000 6 6 6 1 262176 1.000000 1.000000
337 334 40 0.000000 1.000000 6 6 6 1 262176 1.000000 1.000000
338 339 41 0.000000 1.000000 6 6 6 1 262176 1.000000 1.000000
339 340 41 0.000000 1.000000 6 6 6 1 262176 1.000000 1.000000
340 341 41 0.000000 1.000000 6 6 6 1 262176 1.000000 1.000000
341 338 41 0.000000 1.000000 6 6 6 1 262176 1.000000 1.000000
382 380 49 0.000000 1.000000 11 11 11 1 11 1.000000 1.000000
380 381 49 0.000000 1.000000 6 6 6 1 0 1.000000 1.000000
381 383 49 0.000000 1.000000 11 11 11 1 11 1.000000 1.000000
383 382 49 0.000000 1.000000 6 6 6 1 0 1.000000 1.000000
405 406 57 0.000000 1.000000 1 1 1 1 0 1.000000 1.000000
406 407 57 0.000000 1.000000 1 1 1 1 0 1.000000 1.000000
407 408 57 0.000000 1.000000 1 1 1 1 0 1.000000 1.000000
408 405 57 0.000000 1.000000 1 1 1 1 0 1.000000 1.000000
409 410 58 0.000000 1.000000 1 1 1 1 0 1.000000 1.000000
410 411 58 0.000000 1.000000 1 1 1 1 0 1.000000 1.000000
411 412 58 0.000000 1.000000 1 1 1 1 0 1.000000 1.000000
412 409 58 0.000000 1.000000 1 1 1 1 0 1.000000 1.000000
413 414 59 0.000000 1.000000 1 1 1 1 0 1.000000 1.000000
414 415 59 0.000000 1.000000 1 1 1 1 0 1.000000 1.000000
415 416 59 0.000000 1.000000 1 1 1 1 0 1.000000 1.000000
416 413 59 0.000000 1.000000 1 1 1 1 0 1.000000 1.000000
417 418 60 0.000000 1.000000 1 1 1 1 0 1.000000 1.000000
418 419 60 0.000000 1.000000 1 1 1 1 0 1.000000 1.000000
419 420 60 0.000000 1.000000 1 1 1 1 0 1.000000 1.000000
420 417 60 0.000000 1.000000 1 1 1 1 0 1.000000 1.000000
459 460 69 0.000000 1.000000 1 1 1 3 0 1.000000 1.000000
460 461 69 0.000000 1.000000 1 1 1 3 0 1.000000 1.000000
461 462 69 0.000000 1.000000 1 1 1 3 0 1.000000 1.000000
462 459 69 0.000000 1.000000 1 1 1 3 0 1.000000 1.000000
472 473 71 0.100000 0.900000 12 12 12 11 0 1.000000 1.000000
473 474 71 0.100000 0.900000 12 12 12 11 0 1.000000 1.000000
474 475 71 0.100000 0.900000 12 12 12 11 0 1.000000 1.000000
475 472 71 0.100000 0.900000 12 12 12 11 0 1.000000 1.000000
481 480 -1 0.000000 0.000000 1 10 1 84 0 1.000000 1.000000
482 481 -1 0.000000 0.000000 1 10 1 84 0 1.000000 1.000000
483 482 -1 0.000000 0.000000 1 10 1 84 0 1.000000 1.000000
480 483 -1 0.000000 0.000000 1 10 1 84 0 1.000000 1.000000
480 481 -1 0.000000 0.000000 1 10 1 84 0 1.000000 1.000000
481 482 -1 0.000000 0.000000 1 10 1 84 0 1.000000 1.000000
482 483 -1 0.000000 0.000000 1 10 1 84 0 1.000000 1.000000
483 480 -1 0.000000 0.000000 1 10 1 84 0 1.000000 1.000000
354 355 -1 0.000000 0.000000 7 7 7 20 0 0.500000 0.500000
355 350 -1 0.000000 0.000000 7 7 7 20 0 0.500000 0.500000
350 56 -1 0.000000 0.000000 7 7 7 20 0 0.500000 0.500000
56 63 -1 0.000000 0.000000 7 7 7 20 0 0.500000 0.500000
63 57 7 0.000000 1.000000 7 7 7 1 0 0.500000 0.500000
57 58 -1 0.000000 0.000000 7 7 7 20 0 0.500000 0.500000
58 42 -1 0.000000 0.000000 7 7 7 20 0 0.500000 0.500000
42 50 4 0.000000 1.000000 7 7 7 1 0 1.000000 1.000000
50 349 -1 0.000000 0.000000 7 7 7 20 0 0.500000 0.500000
349 366 -1 0.000000 0.000000 7 7 7 20 0 0.500000 0.500000
366 365 47 0.400000 0.600000 7 7 7 11 0 0.500000 0.500000
365 357 -1 0.000000 0.000000 7 7 7 20 0 0.500000 0.500000
357 359 -1 0.000000 0.000000 7 7 7 20 0 0.500000 0.500000
359 354 44 0.000000 1.000000 11 11 11 1 11 1.000000 1.000000
369 370 48 0.000000 0.999999 1 1 1 3 0 1.000000 1.000000
370 371 48 0.000000 0.999999 1 1 1 3 0 1.000000 1.000000
371 372 48 0.000000 0.999999 1 1 1 3 0 1.000000 1.000000
372 369 48 0.000000 0.999999 1 1 1 3 0 1.000000 1.000000
60 59 4 0.000000 1.000000 7 7 7 1 0 1.000000 1.000000
59 61 -1 0.000000 0.000000 7 7 7 20 0 0.500000 0.500000
61 77 -1 0.000000 0.000000 7 7 7 20 0 0.500000 0.500000
77 78 -1 0.000000 0.000000 7 7 7 20 0 0.500000 0.500000
78 79 -1 0.000000 0.000000 7 7 7 20 0 0.500000 0.500000
79 76 -1 0.000000 0.000000 7 7 7 20 0 0.500000 0.500000
76 62 -1 0.000000 0.000000 7 7 7 20 0 0.500000 0.500000
62 60 -1 0.000000 0.000000 7 7 7 20 0 0.500000 0.500000
80 81 -1 0.000000 0.000000 7 7 7 20 0 0.500000 0.500000
81 82 -1 0.000000 0.000000 7 7 7 20 0 0.500000 0.500000
82 83 -1 0.000000 0.000000 7 7 7 20 0 0.500000 0.500000
83 80 -1 0.000000 0.000000 7 7 7 20 0 0.500000 0.500000
277 278 33 0.000000 1.000000 6 6 6 1 262181 1.000000 1.000000
278 279 33 0.000000 1.000000 6 6 6 1 262181 1.000000 1.000000
279 280 33 0.000000 1.000000 6 6 6 1 262181 1.000000 1.000000
280 281 33 0.000000 1.000000 9 9 9 1 7 1.000000 1.000000
281 282 33 0.000000 1.000000 6 6 6 1 262181 1.000000 1.000000
282 283 33 0.000000 1.000000 6 6 6 1 262181 1.000000 1.000000
283 284 33 0.000000 1.000000 6 6 6 1 262181 1.000000 1.000000
284 285 33 0.000000 1.000000 6 6 6 1 262181 1.000000 1.000000
285 286 33 0.000000 1.000000 6 6 6 1 262181 1.000000 1.000000
286 287 33 0.000000 1.000000 1 1 1 1 4 1.000000 1.000000
287 288 33 0.000000 1.000000 6 6 6 1 262181 1.000000 1.000000
288 289 33 0.000000 1.000000 6 6 6 1 262181 1.000000 1.000000
289 290 33 0.000000 1.000000 6 6 6 1 262181 1.000000 1.000000
290 291 33 0.000000 1.000000 6 6 6 1 262181 1.000000 1.000000
291 292 33 0.000000 1.000000 6 6 6 1 262181 1.000000 1.000000
292 293 33 0.000000 1.000000 1 1 1 1 4 1.000000 1.000000
293 294 33 0.000000 1.000000 6 6 6 1 262181 1.000000 1.000000
294 295 33 0.000000 1.000000 6 6 6 1 262181 1.000000 1.000000
295 296 33 0.000000 1.000000 6 6 6 1 262181 1.000000 1.000000
296 297 33 0.000000 1.000000 6 6 6 1 262181 1.000000 1.000000
297 298 33 0.000000 1.000000 6 6 6 1 262181 1.000000 1.000000
298 299 33 0.000000 1.000000 1 1 1 1 4 1.000000 1.000000
299 300 33 0.000000 1.000000 6 6 6 1 262181 1.000000 1.000000
300 277 33 0.000000 1.000000 6 6 6 1 262181 1.000000 1.000000
69 69 -1 0.000000 0.000000 7 7 7 20 0 0.500000 0.500000
69 65 -1 0.000000 0.000000 7 7 7 20 0 0.500000 0.500000
65 72 -1 0.000000 0.000000 7 7 7 20 0 0.500000 0.500000
72 66 -1 0.000000 0.000000 7 7 7 20 0 0.500000 0.500000
66 57 -1 0.000000 0.000000 7 7 7 20 0 0.500000 0.500000
57 63 5 0.000000 1.000000 7 7 7 1 0 1.000000 1.000000
63 64 -1 0.000000 0.000000 7 7 7 20 0 0.500000 0.500000
64 68 -1 0.000000 0.000000 7 7 7 20 0 0.500000 0.500000
68 67 -1 0.000000 0.000000 7 7 7 20 0 0.500000 0.500000
67 70 -1 0.000000 0.000000 7 7 7 20 0 0.500000 0.500000
70 71 -1 0.000000 0.000000 7 7 7 20 0 0.500000 0.500000
71 260 -1 0.000000 0.000000 7 7 7 20 0 0.500000 0.500000
260 261 -1 0.000000 0.000000 7 7 7 20 0 0.500000 0.500000
261 262 30 0.000000 1.000000 7 7 7 1 8 0.500000 0.500000
262 259 -1 0.000000 0.000000 7 7 7 20 0 0.500000 0.500000
259 69 -1 0.000000 0.000000 7 7 7 20 0 0.500000 0.500000
73 84 -1 0.000000 0.000000 7 7 7 20 0 0.500000 0.500000
84 93 -1 0.000000 0.000000 7 7 7 20 0 0.500000 0.500000
93 92 35 0.000000 1.000000 7 7 7 1 0 0.500000 0.500000
92 74 -1 0.000000 0.000000 7 7 7 20 0 0.500000 0.500000
74 75 -1 0.000000 0.000000 7 7 7 20 0 0.500000 0.500000
75 85 -1 0.000000 0.000000 7 7 7 20 0 0.500000 0.500000
85 263 -1 0.000000 0.000000 7 7 7 20 0 0.500000 0.500000
263 264 -1 0.000000 0.000000 7 7 7 20 0 0.500000 0.500000
264 265 30 0.000000 1.000000 7 7 7 1 8 0.500000 0.500000
265 73 -1 0.000000 0.000000 7 7 7 20 0 0.500000 0.500000
86 200 -1 0.000000 0.000000 7 6 7 20 262176 0.500000 0.500000
200 206 -1 0.000000 0.000000 7 6 7 20 262176 0.500000 0.500000
206 204 -1 0.000000 0.000000 7 7 7 20 0 0.500000 0.500000
204 205 -1 0.000000 0.000000 7 7 7 20 0 0.500000 0.500000
205 216 -1 0.000000 0.000000 7 7 7 20 0 0.500000 0.500000
216 214 -1 0.000000 0.000000 7 6 7 20 262176 0.500000 0.500000
214 215 -1 0.000000 0.000000 7 6 7 20 262176 0.500000 0.500000
215 217 -1 0.000000 0.000000 7 6 7 20 262176 0.500000 0.500000
217 203 -1 0.000000 0.000000 7 7 7 20 0 0.500000 0.500000
203 202 -1 0.000000 0.000000 7 7 7 20 0 0.500000 0.500000
202 213 -1 0.000000 0.000000 7 7 7 20 0 0.500000 0.500000
213 87 -1 0.000000 0.000000 7 6 7 20 262176 0.500000 0.500000
87 199 -1 0.000000 0.000000 7 6 7 20 262176 0.500000 0.500000
199 212 -1 0.000000 0.000000 7 6 7 20 262176 0.500000 0.500000
212 198 -1 0.000000 0.000000 7 7 7 20 0 0.500000 0.500000
198 197 -1 0.000000 0.000000 7 7 7 20 0 0.500000 0.500000
197 196 -1 0.000000 0.000000 7 7 7 20 0 0.500000 0.500000
196 211 -1 0.000000 0.000000 7 7 7 20 0 0.500000 0.500000
211 195 -1 0.000000 0.000000 7 7 7 20 0 0.500000 0.500000
195 88 -1 0.000000 0.000000 7 6 7 20 262176 0.500000 0.500000
88 194 -1 0.000000 0.000000 7 6 7 20 262176 0.500000 0.500000
194 210 -1 0.000000 0.000000 7 6 7 20 262176 0.500000 0.500000
210 193 -1 0.000000 0.000000 7 7 7 20 0 0.500000 0.500000
193 191 -1 0.000000 0.000000 7 7 7 20 0 0.500000 0.500000
191 190 -1 0.000000 0.000000 7 7 7 20 0 0.500000 0.500000
190 192 -1 0.000000 0.000000 7 7 7 20 0 0.500000 0.500000
192 218 -1 0.000000 0.000000 7 7 7 20 0 0.500000 0.500000
218 220 -1 0.000000 0.000000 7 6 7 20 262176 0.500000 0.500000
220 221 -1 0.000000 0.000000 7 6 7 20 262176 0.500000 0.500000
221 219 -1 0.000000 0.000000 7 6 7 20 262176 0.500000 0.500000
219 188 -1 0.000000 0.000000 7 7 7 20 0 0.500000 0.500000
188 186 -1 0.000000 0.000000 7 7 7 20 0 0.500000 0.500000
186 187 -1 0.000000 0.000000 7 9 7 20 15 1.000000 1.000000
187 189 -1 0.000000 0.000000 7 7 7 20 0 0.500000 0.500000
189 208 -1 0.000000 0.000000 7 7 7 20 0 0.500000 0.500000
208 201 -1 0.000000 0.000000 7 6 7 20 262176 0.500000 0.500000
201 89 -1 0.000000 0.000000 7 6 7 20 262176 0.500000 0.500000
89 209 -1 0.000000 0.000000 7 6 7 20 262176 0.500000 0.500000
209 223 -1 0.000000 0.000000 7 7 7 20 0 0.500000 0.500000
223 222 -1 0.000000 0.000000 7 7 7 20 0 0.500000 0.500000
222 207 -1 0.000000 0.000000 7 7 7 20 0 0.500000 0.500000
207 86 -1 0.000000 0.000000 7 6 7 20 262176 0.500000 0.500000
273 274 32 0.000000 1.000000 1 1 1 1 0 1.000000 1.000000
274 275 32 0.000000 1.000000 1 1 1 1 0 1.000000 1.000000
275 276 32 0.000000 1.000000 1 1 1 1 0 1.000000 1.000000
276 273 32 0.000000 1.000000 1 1 1 1 0 1.000000 1.000000
314 306 -1 0.000000 0.000000 7 7 7 20 0 0.500000 0.500000
306 302 -1 0.000000 0.000000 7 7 7 20 0 0.500000 0.500000
302 304 34 0.000000 1.000000 11 11 11 1 11 1.000000 1.000000
304 307 -1 0.000000 0.000000 7 7 7 20 0 0.500000 0.500000
307 390 -1 0.000000 0.000000 7 7 7 20 0 0.500000 0.500000
390 311 52 0.400000 0.500000 7 7 7 11 0 0.500000 0.500000
311 91 -1 0.000000 0.000000 7 7 7 20 0 0.500000 0.500000
91 51 -1 0.000000 0.000000 7 7 7 20 0 0.500000 0.500000
51 47 45 0.000000 1.000000 7 7 7 1 0 1.000000 1.000000
47 90 -1 0.000000 0.000000 7 7 7 20 0 0.500000 0.500000
90 94 10 0.000000 1.000000 7 7 7 1 0 0.500000 0.500000
94 310 -1 0.000000 0.000000 7 7 7 20 0 0.500000 0.500000
310 313 -1 0.000000 0.000000 7 7 7 20 0 0.500000 0.500000
313 314 36 0.400000 0.500000 7 7 7 11 0 0.500000 0.500000
97 96 -1 0.000000 0.000000 7 7 7 20 6291456 0.500000 0.500000
96 94 -1 0.000000 0.000000 7 7 7 20 0 0.500000 0.500000
94 90 9 0.000000 1.000000 7 7 7 1 0 1.000000 1.000000
90 446 -1 0.000000 0.000000 7 7 7 20 0 0.500000 0.500000
446 445 -1 0.000000 0.000000 7 7 7 20 6291456 0.500000 0.500000
445 95 -1 0.000000 0.000000 7 7 7 20 0 0.500000 0.500000
95 98 64 0.000000 1.000000 7 7 7 3 0 0.500000 0.500000
98 438 -1 0.000000 0.000000 7 7 7 20 0 0.500000 0.500000
438 437 63 0.000000 1.000000 7 7 7 3 0 0.500000 0.500000
437 442 -1 0.000000 0.000000 7 7 7 20 0 0.500000 0.500000
442 99 -1 0.000000 0.000000 7 7 7 20 0 0.500000 0.500000
99 101 11 0.000000 1.000000 7 7 7 1 0 0.500000 0.500000
101 444 -1 0.000000 0.000000 7 7 7 20 0 0.500000 0.500000
444 74 -1 0.000000 0.000000 7 7 7 20 6291456 0.500000 0.500000
74 447 -1 0.000000 0.000000 7 7 7 20 6291456 0.500000 0.500000
447 443 -1 0.000000 0.000000 7 7 7 20 0 0.500000 0.500000
443 97 65 0.000000 1.000000 1 1 1 1 0 1.000000 1.000000
444 437 66 0.000000 1.000000 1 1 1 3 0 1.000000 1.000000
437 438 66 0.000000 1.000000 1 1 1 3 0 1.000000 1.000000
438 445 66 0.000000 1.000000 1 1 1 3 0 1.000000 1.000000
445 446 66 0.000000 1.000000 1 1 1 3 0 1.000000 1.000000
446 96 66 0.000000 1.000000 1 1 1 3 0 1.000000 1.000000
96 96 66 0.000000 1.000000 1 1 1 3 0 1.000000 1.000000
96 97 66 0.000000 1.000000 1 1 1 3 0 1.000000 1.000000
97 447 66 0.000000 1.000000 1 1 1 3 0 1.000000 1.000000
447 74 66 0.000000 1.000000 1 1 1 3 0 1.000000 1.000000
74 444 66 0.000000 1.000000 1 1 1 3 0 1.000000 1.000000
101 99 10 0.000000 1.000000 7 7 7 1 0 1.000000 1.000000
99 180 -1 0.000000 0.000000 7 7 7 20 0 0.500000 0.500000
180 179 -1 0.000000 0.000000 7 7 7 20 5242880 0.500000 0.500000
179 185 -1 0.000000 0.000000 7 7 7 20 0 0.500000 0.500000
185 115 -1 0.000000 0.000000 7 7 7 20 0 0.500000 0.500000
115 114 12 0.000000 1.000000 7 7 7 1 0 0.500000 0.500000
114 184 -1 0.000000 0.000000 7 7 7 20 0 0.500000 0.500000
184 104 -1 0.000000 0.000000 7 7 7 20 0 0.500000 0.500000
104 105 -1 0.000000 0.000000 7 7 7 20 0 0.500000 0.500000
105 108 -1 0.000000 0.000000 7 7 7 20 0 0.500000 0.500000
108 113 -1 0.000000 0.000000 7 7 7 20 0 0.500000 0.500000
113 112 -1 0.000000 0.000000 7 7 7 20 0 0.500000 0.500000
112 110 -1 0.000000 0.000000 7 7 7 20 0 0.500000 0.500000
110 111 -1 0.000000 0.000000 7 7 7 20 0 0.500000 0.500000
111 107 -1 0.000000 0.000000 7 7 7 20 0 0.500000 0.500000
107 109 -1 0.000000 0.000000 7 7 7 20 0 0.500000 0.500000
109 106 -1 0.000000 0.000000 7 7 7 20 0 0.500000 0.500000
106 102 -1 0.000000 0.000000 7 7 7 20 0 0.500000 0.500000
102 149 -1 0.000000 0.000000 7 7 7 20 0 0.500000 0.500000
149 152 -1 0.000000 0.000000 7 6 7 20 262176 0.500000 0.500000
152 151 -1 0.000000 0.000000 7 6 7 20 262176 0.500000 0.500000
151 162 -1 0.000000 0.000000 7 6 7 20 262176 0.500000 0.500000
162 145 -1 0.000000 0.000000 7 6 7 20 4456480 0.500000 0.500000
145 146 21 0.235000 0.729999 7 7 7 11 4 0.500000 0.500000
146 161 -1 0.000000 0.000000 7 6 7 20 4456480 0.500000 0.500000
161 153 -1 0.000000 0.000000 7 6 7 20 262176 0.500000 0.500000
153 154 -1 0.000000 0.000000 7 6 7 20 262176 0.500000 0.500000
154 150 -1 0.000000 0.000000 7 6 7 20 262176 0.500000 0.500000
150 103 -1 0.000000 0.000000 7 7 7 20 0 0.500000 0.500000
103 183 -1 0.000000 0.000000 7 7 7 20 0 0.500000 0.500000
183 182 -1 0.000000 0.000000 7 7 7 20 4194304 0.500000 0.500000
182 101 -1 0.000000 0.000000 7 7 7 20 0 0.500000 0.500000
155 156 22 0.200000 1.000000 1 1 1 9 0 1.000000 1.000000
156 157 22 0.200000 1.000000 6 6 6 9 0 1.000000 1.000000
157 158 22 0.200000 1.000000 6 6 6 9 0 1.000000 1.000000
158 155 22 0.200000 1.000000 6 6 6 9 0 1.000000 1.000000
178 179 26 0.200000 1.000000 1 1 1 9 0 1.000000 1.000000
179 180 26 0.200000 1.000000 1 1 1 9 0 1.000000 1.000000
180 181 26 0.200000 1.000000 1 1 1 9 0 1.000000 1.000000
181 178 26 0.200000 1.000000 1 1 1 9 0 1.000000 1.000000
178 181 27 0.000000 1.000000 1 1 1 1 0 1.000000 1.000000
181 182 27 0.000000 1.000000 1 1 1 1 0 1.000000 1.000000
182 183 27 0.000000 1.000000 1 1 1 1 6291456 1.000000 1.000000
183 178 27 0.000000 1.000000 1 1 1 1 0 1.000000 1.000000
106 109 -1 0.000000 0.000000 1 1 1 20 0 1.000000 1.000000
109 107 -1 0.000000 0.000000 1 1 1 20 0 1.000000 1.000000
107 111 -1 0.000000 0.000000 1 1 1 20 0 1.000000 1.000000
111 106 -1 0.000000 0.000000 1 10 1 84 0 0.407000 1.000000
115 116 -1 0.000000 0.000000 7 7 7 20 4 0.500000 0.500000
116 117 13 -0.200000 1.000000 7 7 7 1 0 1.000000 1.000000
117 114 -1 0.000000 0.000000 7 7 7 20 4 0.500000 0.500000
114 115 11 0.000000 1.000000 7 7 7 9 0 1.000000 1.000000
116 118 -1 0.000000 0.000000 7 7 7 20 4 0.500000 0.500000
118 119 14 -0.400000 1.000000 7 7 7 1 0 1.000000 1.000000
119 117 -1 0.000000 0.000000 7 7 7 20 4 0.500000 0.500000
117 116 12 -0.200000 1.000000 6 6 6 9 0 1.000000 1.000000
118 120 -1 0.000000 0.000000 7 7 7 20 4 0.500000 0.500000
120 121 15 -0.600000 1.000000 7 7 7 1 0 1.000000 1.000000
121 119 -1 0.000000 0.000000 7 7 7 20 4 0.500000 0.500000
119 118 13 -0.400000 1.000000 6 6 6 9 0 1.000000 1.000000
120 122 -1 0.000000 0.000000 7 7 7 20 4 0.500000 0.500000
122 123 16 -0.800000 1.000000 7 7 7 1 0 1.000000 1.000000
123 121 -1 0.000000 0.000000 7 7 7 20 4 0.500000 0.500000
121 120 14 -0.600000 1.000000 6 6 6 9 0 1.000000 1.000000
122 124 -1 0.000000 0.000000 7 7 7 20 4 0.500000 0.500000
124 125 17 -1.000000 0.500000 7 7 7 3 4 0.500000 0.500000
125 123 -1 0.000000 0.000000 7 7 7 20 4 0.500000 0.500000
123 122 15 -0.800000 1.000000 6 6 6 9 0 1.000000 1.000000
124 126 -1 0.000000 0.000000 7 7 7 20 8 0.500000 0.500000
126 127 18 -1.200000 -0.200000 7 7 7 3 4 0.500000 0.500000
127 125 -1 0.000000 0.000000 7 7 7 20 8 0.500000 0.500000
125 124 16 -1.000000 0.500000 6 6 6 9 0 1.000000 1.000000
126 128 -1 0.000000 0.000000 7 7 7 20 0 0.500000 0.500000
128 107 -1 0.000000 0.000000 7 7 7 20 0 0.500000 0.500000
107 127 -1 0.000000 0.000000 7 7 7 20 0 0.500000 0.500000
127 126 17 -1.200000 -0.200000 7 7 7 1 0 0.500000 0.500000
135 137 -1 0.000000 0.000000 7 6 7 20 262176 1.000000 1.000000
137 133 -1 0.000000 0.000000 7 7 7 20 2097160 0.500000 0.500000
133 129 -1 0.000000 0.000000 7 7 7 20 2097160 0.500000 0.500000
129 130 -1 0.000000 0.000000 7 7 7 20 2097160 0.500000 0.500000
130 131 -1 0.000000 0.000000 7 7 7 20 2097160 0.500000 0.500000
131 132 -1 0.000000 0.000000 7 7 7 20 2097160 0.500000 0.500000
132 134 -1 0.000000 0.000000 7 7 7 20 2097160 0.500000 0.500000
134 138 -1 0.000000 0.000000 7 7 7 20 2097160 0.500000 0.500000
138 136 -1 0.000000 0.000000 7 6 7 20 262176 1.000000 1.000000
136 135 20 0.000000 0.900000 6 6 6 3 0 1.000000 1.000000
136 1 -1 0.000000 0.000000 7 6 7 20 262176 1.000000 1.000000
1 0 0 0.000000 0.900000 6 6 6 1 0 1.000000 1.000000
0 135 -1 0.000000 0.000000 7 6 7 20 262176 1.000000 1.000000
135 136 19 0.000000 0.900000 6 6 6 1 0 1.000000 1.000000
146 145 11 0.235000 0.729999 1 1 1 1 0 1.000000 1.000000
145 160 -1 0.000000 0.000000 7 6 7 20 6553632 0.500000 0.500000
160 147 -1 0.000000 0.000000 7 1 7 20 6291464 0.500000 0.500000
147 148 -1 0.000000 0.000000 7 1 7 20 6291464 0.500000 0.500000
148 159 -1 0.000000 0.000000 7 1 7 20 6291464 0.500000 0.500000
159 146 -1 0.000000 0.000000 7 6 7 20 6553632 0.500000 0.500000
163 164 23 0.335000 0.729999 6 6 6 9 6553632 1.000000 1.000000
164 165 23 0.335000 0.729999 6 6 6 9 6553632 1.000000 1.000000
165 166 23 0.335000 0.729999 6 6 6 9 6553632 1.000000 1.000000
166 163 23 0.335000 0.729999 6 6 6 9 6553632 1.000000 1.000000
167 168 24 0.335000 0.729999 6 6 6 9 6553632 1.000000 1.000000
168 169 24 0.335000 0.729999 6 6 6 9 262176 1.000000 1.000000
169 170 24 0.335000 0.729999 6 6 6 9 6553632 1.000000 1.000000
170 167 24 0.335000 0.729999 6 6 6 9 6553632 1.000000 1.000000
155 158 11 0.200000 1.000000 1 1 1 1 0 1.000000 1.000000
158 157 11 0.200000 1.000000 1 1 1 1 0 1.000000 1.000000
157 156 11 0.200000 1.000000 1 1 1 1 0 1.000000 1.000000
156 155 11 0.200000 1.000000 1 1 1 1 0 1.000000 1.000000
163 166 21 0.335000 0.729999 1 1 1 3 0 1.000000 1.000000
166 165 21 0.335000 0.729999 1 1 1 3 0 1.000000 1.000000
165 164 21 0.335000 0.729999 1 1 1 3 0 1.000000 1.000000
164 163 21 0.335000 0.729999 1 1 1 3 0 1.000000 1.000000
167 170 21 0.335000 0.729999 1 1 1 3 0 1.000000 1.000000
170 169 21 0.335000 0.729999 1 1 1 3 0 1.000000 1.000000
169 168 21 0.335000 0.729999 1 1 1 3 6291456 1.000000 1.000000
168 167 21 0.335000 0.729999 1 1 1 3 0 1.000000 1.000000
8 176 1 0.000000 1.000000 1 1 1 1 0 1.000000 1.000000
176 175 1 0.000000 1.000000 1 1 1 1 0 1.000000 1.000000
175 174 1 0.000000 1.000000 1 1 1 1 0 1.000000 1.000000
174 172 1 0.000000 1.000000 1 1 1 1 0 1.000000 1.000000
172 8 1 0.000000 1.000000 1 1 1 1 0 1.000000 1.000000
178 181 11 0.200000 1.000000 1 1 1 1 0 1.000000 1.000000
181 180 11 0.200000 1.000000 1 1 1 1 0 1.000000 1.000000
180 179 11 0.200000 1.000000 1 1 1 1 0 1.000000 1.000000
179 178 11 0.200000 1.000000 1 1 1 1 0 1.000000 1.000000
178 183 11 0.000000 1.000000 1 1 1 1 0 1.000000 1.000000
183 182 11 0.000000 1.000000 1 1 1 1 6291456 1.000000 1.000000
182 181 11 0.000000 1.000000 1 1 1 1 0 1.000000 1.000000
181 178 11 0.000000 1.000000 1 1 1 1 0 1.000000 1.000000
228 224 -1 0.000000 0.000000 1 6 1 20 4194304 1.000000 1.000000
224 225 -1 0.000000 0.000000 1 6 1 20 4194304 1.000000 1.000000
225 229 -1 0.000000 0.000000 1 6 1 20 4194304 1.000000 1.000000
229 228 29 0.300000 0.700000 1 1 1 9 0 1.000000 1.000000
229 227 -1 0.000000 0.000000 1 6 1 20 4194304 1.000000 1.000000
227 226 4 0.300000 0.700000 1 1 1 1 0 1.000000 1.000000
226 228 -1 0.000000 0.000000 1 6 1 20 4194304 1.000000 1.000000
228 229 28 0.300000 0.700000 1 1 1 1 0 1.000000 1.000000
262 261 7 0.000000 1.000000 1 1 1 1 12 1.000000 1.000000
261 265 -1 0.000000 0.000000 1 7 1 20 8 0.500000 0.500000
265 264 8 0.000000 1.000000 1 1 1 1 0 1.000000 1.000000
264 262 -1 0.000000 0.000000 1 7 1 20 8 0.500000 0.500000
272 270 4 0.000000 1.000000 2 2 2 3 0 1.000000 1.000000
270 269 4 0.000000 1.000000 1 1 1 3 0 1.000000 1.000000
269 271 4 0.000000 1.000000 2 2 2 3 0 1.000000 1.000000
271 272 4 0.000000 1.000000 1 1 1 3 0 1.000000 1.000000
273 276 8 0.000000 1.000000 8 8 8 9 0 0.500000 0.500000
276 275 8 0.000000 1.000000 8 8 8 9 0 0.500000 0.500000
275 274 8 0.000000 1.000000 8 8 8 9 0 0.500000 0.500000
274 273 8 0.000000 1.000000 7 7 7 9 0 0.500000 0.500000
277 300 6 0.000000 1.000000 1 1 1 3 0 1.000000 1.000000
300 299 6 0.000000 1.000000 1 1 1 3 0 1.000000 1.000000
299 298 6 0.000000 1.000000 1 1 1 3 0 1.000000 1.000000
298 297 6 0.000000 1.000000 1 1 1 3 0 1.000000 1.000000
297 296 6 0.000000 1.000000 1 1 1 3 0 1.000000 1.000000
296 295 6 0.000000 1.000000 1 1 1 3 0 1.000000 1.000000
295 294 6 0.000000 1.000000 1 1 1 3 0 1.000000 1.000000
294 293 6 0.000000 1.000000 1 1 1 3 0 1.000000 1.000000
293 292 6 0.000000 1.000000 1 1 1 3 0 1.000000 1.000000
292 291 6 0.000000 1.000000 1 1 1 3 0 1.000000 1.000000
291 290 6 0.000000 1.000000 1 1 1 3 0 1.000000 1.000000
290 289 6 0.000000 1.000000 1 1 1 3 0 1.000000 1.000000
289 288 6 0.000000 1.000000 1 1 1 3 0 1.000000 1.000000
288 287 6 0.000000 1.000000 1 1 1 3 0 1.000000 1.000000
287 286 6 0.000000 1.000000 1 1 1 3 0 1.000000 1.000000
286 285 6 0.000000 1.000000 1 1 1 3 0 1.000000 1.000000
285 284 6 0.000000 1.000000 1 1 1 3 0 1.000000 1.000000
284 283 6 0.000000 1.000000 1 1 1 3 0 1.000000 1.000000
283 282 6 0.000000 1.000000 1 1 1 3 0 1.000000 1.000000
282 281 6 0.000000 1.000000 1 1 1 3 0 1.000000 1.000000
281 280 6 0.000000 1.000000 1 1 1 3 0 1.000000 1.000000
280 279 6 0.000000 1.000000 1 1 1 3 0 1.000000 1.000000
279 278 6 0.000000 1.000000 1 1 1 3 0 1.000000 1.000000
278 277 6 0.000000 1.000000 1 1 1 3 0 1.000000 1.000000
303 304 42 0.000000 1.000000 6 6 6 1 262184 0.500000 0.500000
304 302 9 0.000000 1.000000 1 1 1 1 0 1.000000 1.000000
302 305 43 0.000000 1.000000 6 6 6 1 262184 0.500000 0.500000
305 303 35 0.000000 1.000000 1 1 1 1 0 1.000000 1.000000
305 301 -1 0.000000 0.000000 7 7 7 20 0 0.500000 0.500000
301 394 -1 0.000000 0.000000 7 7 7 20 0 0.500000 0.500000
394 309 53 0.400000 0.500000 7 7 7 11 0 0.500000 0.500000
309 92 -1 0.000000 0.000000 7 7 7 20 0 0.500000 0.500000
92 93 8 0.000000 1.000000 7 7 7 1 0 0.500000 0.500000
93 393 -1 0.000000 0.000000 7 7 7 20 0 0.500000 0.500000
393 308 54 0.400000 0.500000 7 7 7 11 0 0.500000 0.500000
308 344 -1 0.000000 0.000000 7 7 7 20 0 0.500000 0.500000
344 303 -1 0.000000 0.000000 7 7 7 20 0 0.500000 0.500000
303 303 -1 0.000000 0.000000 7 6 7 20 0 0.500000 0.500000
303 305 34 0.000000 1.000000 11 11 11 1 11 1.000000 1.000000
313 315 -1 0.000000 0.000000 7 7 7 20 0 0.500000 0.500000
315 312 -1 0.000000 0.000000 7 3 7 20 0 0.500000 0.500000
312 314 -1 0.000000 0.000000 7 7 7 20 0 0.500000 0.500000
314 313 9 0.400000 0.500000 1 1 1 1 0 1.000000 1.000000
322 325 4 0.000000 1.000000 1 1 1 1 0 1.000000 1.000000
325 324 4 0.000000 1.000000 1 1 1 1 0 1.000000 1.000000
324 323 4 0.000000 1.000000 1 1 1 1 0 1.000000 1.000000
323 322 4 0.000000 1.000000 1 1 1 1 0 1.000000 1.000000
326 329 4 0.000000 1.000000 1 1 1 1 0 1.000000 1.000000
329 328 4 0.000000 1.000000 1 1 1 1 0 1.000000 1.000000
328 327 4 0.000000 1.000000 1 1 1 1 0 1.000000 1.000000
327 326 4 0.000000 1.000000 1 1 1 1 0 1.000000 1.000000
330 333 4 0.000000 1.000000 1 1 1 1 0 1.000000 1.000000
333 332 4 0.000000 1.000000 1 1 1 1 0 1.000000 1.000000
332 331 4 0.000000 1.000000 1 1 1 1 0 1.000000 1.000000
331 330 4 0.000000 1.000000 1 1 1 1 0 1.000000 1.000000
334 337 4 0.000000 1.000000 1 1 1 1 0 1.000000 1.000000
337 336 4 0.000000 1.000000 1 1 1 1 0 1.000000 1.000000
336 335 4 0.000000 1.000000 1 1 1 1 0 1.000000 1.000000
335 334 4 0.000000 1.000000 1 1 1 1 0 1.000000 1.000000
338 341 4 0.000000 1.000000 1 1 1 1 0 1.000000 1.000000
341 340 4 0.000000 1.000000 1 1 1 1 0 1.000000 1.000000
340 339 4 0.000000 1.000000 1 1 1 1 0 1.000000 1.000000
339 338 4 0.000000 1.000000 1 1 1 1 0 1.000000 1.000000
304 303 34 0.000000 1.000000 1 1 1 1 0 1.000000 1.000000
303 345 -1 0.000000 0.000000 1 6 1 20 262184 1.000000 1.000000
345 346 -1 0.000000 0.000000 1 6 1 20 262184 1.000000 1.000000
346 304 -1 0.000000 0.000000 1 6 1 20 262184 1.000000 1.000000
305 302 34 0.000000 1.000000 1 1 1 1 0 1.000000 1.000000
302 347 -1 0.000000 0.000000 1 6 1 20 262184 1.000000 1.000000
347 348 -1 0.000000 0.000000 1 6 1 20 262184 1.000000 1.000000
348 305 -1 0.000000 0.000000 1 6 1 20 262184 1.000000 1.000000
353 354 -1 0.000000 0.000000 7 6 7 20 262184 0.500000 0.500000
354 359 5 0.000000 1.000000 1 1 1 1 0 1.000000 1.000000
359 360 -1 0.000000 0.000000 7 6 7 20 262184 0.500000 0.500000
360 353 45 0.000000 1.000000 1 1 1 1 0 1.000000 1.000000
360 358 -1 0.000000 0.000000 7 7 7 20 0 0.500000 0.500000
358 356 -1 0.000000 0.000000 7 7 7 20 0 0.500000 0.500000
356 453 -1 0.000000 0.000000 7 7 7 20 0 0.500000 0.500000
453 449 -1 0.000000 0.000000 7 6 7 20 262176 0.500000 0.500000
449 451 -1 0.000000 0.000000 7 6 7 20 262176 0.500000 0.500000
451 452 -1 0.000000 0.000000 7 6 7 20 262176 0.500000 0.500000
452 48 -1 0.000000 0.000000 7 7 7 20 0 0.500000 0.500000
48 47 4 0.000000 1.000000 7 7 7 1 0 0.500000 0.500000
47 51 9 0.000000 1.000000 7 7 7 1 0 0.500000 0.500000
51 455 -1 0.000000 0.000000 7 7 7 20 0 0.500000 0.500000
455 450 -1 0.000000 0.000000 7 6 7 20 262176 0.500000 0.500000
450 448 -1 0.000000 0.000000 7 6 7 20 262176 0.500000 0.500000
448 454 -1 0.000000 0.000000 7 6 7 20 262176 0.500000 0.500000
454 55 -1 0.000000 0.000000 7 7 7 20 0 0.500000 0.500000
55 54 -1 0.000000 0.000000 7 7 7 20 0 0.500000 0.500000
54 436 -1 0.000000 0.000000 7 7 7 20 0 0.500000 0.500000
436 433 -1 0.000000 0.000000 7 7 7 20 0 0.500000 0.500000
433 430 -1 0.000000 0.000000 7 7 7 20 0 0.500000 0.500000
430 429 62 0.235000 0.725000 7 7 7 11 0 0.500000 0.500000
429 434 -1 0.000000 0.000000 7 7 7 20 0 0.500000 0.500000
434 435 -1 0.000000 0.000000 7 7 7 20 0 0.500000 0.500000
435 426 -1 0.000000 0.000000 7 7 7 20 0 0.500000 0.500000
426 425 -1 0.000000 0.000000 7 7 7 20 0 0.500000 0.500000
425 424 -1 0.000000 0.000000 7 7 7 20 0 0.500000 0.500000
424 424 -1 0.000000 0.000000 7 7 7 20 0 0.500000 0.500000
424 423 61 0.400000 0.600000 7 7 7 11 0 0.500000 0.500000
423 423 -1 0.000000 0.000000 7 7 7 20 0 0.500000 0.500000
423 422 -1 0.000000 0.000000 7 7 7 20 0 0.500000 0.500000
422 421 -1 0.000000 0.000000 7 7 7 20 0 0.500000 0.500000
421 53 -1 0.000000 0.000000 7 7 7 20 0 0.500000 0.500000
53 52 -1 0.000000 0.000000 7 7 7 20 0 0.500000 0.500000
52 351 -1 0.000000 0.000000 7 7 7 20 0 0.500000 0.500000
351 352 -1 0.000000 0.000000 7 7 7 20 0 0.500000 0.500000
352 353 -1 0.000000 0.000000 7 7 7 20 0 0.500000 0.500000
353 360 44 0.000000 1.000000 11 11 11 1 11 1.000000 1.000000
361 362 46 0.000000 0.999999 1 1 1 3 0 1.000000 1.000000
362 363 46 0.000000 0.999999 1 1 1 3 0 1.000000 1.000000
363 364 46 0.000000 0.999999 1 1 1 3 0 1.000000 1.000000
364 361 46 0.000000 0.999999 1 1 1 3 0 1.000000 1.000000
448 450 67 0.000000 0.900000 1 1 1 3 0 1.000000 1.000000
450 451 67 0.000000 0.900000 6 6 6 3 0 0.500000 0.500000
451 449 67 0.000000 0.900000 1 1 1 3 0 1.000000 1.000000
449 448 67 0.000000 0.900000 6 6 6 3 0 0.500000 0.500000
361 364 45 0.000000 0.999999 8 8 8 1 0 0.700000 0.700000
364 363 45 0.000000 0.999999 8 8 8 1 0 0.700000 0.700000
363 362 45 0.000000 0.999999 8 8 8 1 0 0.700000 0.700000
362 361 45 0.000000 0.999999 8 8 8 1 0 0.700000 0.700000
365 366 5 0.400000 0.600000 1 1 1 1 0 1.000000 1.000000
366 367 -1 0.000000 0.000000 1 7 1 20 0 1.000000 1.000000
367 368 -1 0.000000 0.000000 1 5 1 20 7340032 1.000000 1.000000
368 365 -1 0.000000 0.000000 1 7 1 20 0 1.000000 1.000000
369 372 5 0.000000 0.999999 1 1 1 1 0 1.000000 1.000000
372 371 5 0.000000 0.999999 1 1 1 1 0 1.000000 1.000000
371 370 5 0.000000 0.999999 1 1 1 1 0 1.000000 1.000000
370 369 5 0.000000 0.999999 1 1 1 1 0 1.000000 1.000000
382 383 4 0.000000 1.000000 6 6 6 1 0 1.000000 1.000000
383 381 4 0.000000 1.000000 1 1 1 1 0 1.000000 1.000000
381 380 4 0.000000 1.000000 6 6 6 1 0 1.000000 1.000000
380 382 4 0.000000 1.000000 1 1 1 1 0 1.000000 1.000000
26 384 4 0.400000 0.500000 1 1 1 1 0 1.000000 1.000000
384 385 -1 0.000000 0.000000 1 1 1 20 0 1.000000 1.000000
385 386 -1 0.000000 0.000000 1 5 1 20 7340032 1.000000 1.000000
386 26 -1 0.000000 0.000000 1 1 1 20 0 1.000000 1.000000
387 374 4 0.400000 0.500000 1 1 1 1 0 1.000000 1.000000
374 388 -1 0.000000 0.000000 1 1 1 20 0 1.000000 1.000000
388 389 -1 0.000000 0.000000 1 5 1 20 7340032 1.000000 1.000000
389 387 -1 0.000000 0.000000 1 1 1 20 0 1.000000 1.000000
311 390 9 0.400000 0.500000 1 1 1 1 0 1.000000 1.000000
390 391 -1 0.000000 0.000000 1 1 1 20 0 1.000000 1.000000
391 392 -1 0.000000 0.000000 1 5 1 20 7340032 1.000000 1.000000
392 311 -1 0.000000 0.000000 1 1 1 20 0 1.000000 1.000000
309 394 35 0.400000 0.500000 1 1 1 1 0 1.000000 1.000000
394 395 -1 0.000000 0.000000 1 1 1 20 0 1.000000 1.000000
395 396 -1 0.000000 0.000000 1 5 1 20 7340032 1.000000 1.000000
396 309 -1 0.000000 0.000000 1 1 1 20 0 1.000000 1.000000
308 393 35 0.400000 0.500000 1 1 1 1 0 1.000000 1.000000
393 397 -1 0.000000 0.000000 1 1 1 20 0 1.000000 1.000000
397 398 -1 0.000000 0.000000 1 5 1 20 7340032 1.000000 1.000000
398 308 -1 0.000000 0.000000 1 1 1 20 0 1.000000 1.000000
400 373 4 0.400000 0.500000 1 1 1 1 0 1.000000 1.000000
373 401 -1 0.000000 0.000000 1 1 1 20 0 1.000000 1.000000
401 402 -1 0.000000 0.000000 1 5 1 20 7340032 1.000000 1.000000
402 400 -1 0.000000 0.000000 1 1 1 20 0 1.000000 1.000000
399 379 4 0.400000 0.500000 1 1 1 1 0 1.000000 1.000000
379 403 -1 0.000000 0.000000 1 1 1 20 0 1.000000 1.000000
403 404 -1 0.000000 0.000000 1 5 1 20 7340032 1.000000 1.000000
404 399 -1 0.000000 0.000000 1 1 1 20 0 1.000000 1.000000
405 408 4 0.000000 1.000000 1 1 1 3 0 0.500000 0.500000
408 407 4 0.000000 1.000000 1 1 1 3 0 0.500000 0.500000
407 406 4 0.000000 1.000000 1 1 1 3 0 0.500000 0.500000
406 405 4 0.000000 1.000000 1 1 1 3 0 0.500000 0.500000
409 412 4 0.000000 1.000000 1 1 1 3 0 0.500000 0.500000
412 411 4 0.000000 1.000000 1 1 1 3 0 0.500000 0.500000
411 410 4 0.000000 1.000000 1 1 1 3 0 0.500000 0.500000
410 409 4 0.000000 1.000000 1 1 1 3 0 0.500000 0.500000
413 416 4 0.000000 1.000000 1 1 1 3 0 0.500000 0.500000
416 415 4 0.000000 1.000000 1 1 1 3 0 0.500000 0.500000
415 414 4 0.000000 1.000000 1 1 1 3 0 0.500000 0.500000
414 413 4 0.000000 1.000000 1 1 1 3 0 0.500000 0.500000
417 420 4 0.000000 1.000000 1 1 1 3 0 0.500000 0.500000
420 419 4 0.000000 1.000000 1 1 1 3 0 0.500000 0.500000
419 418 4 0.000000 1.000000 1 1 1 3 0 0.500000 0.500000
418 417 4 0.000000 1.000000 1 1 1 3 0 0.500000 0.500000
423 424 45 0.400000 0.600000 1 1 1 1 0 1.000000 1.000000
424 427 -1 0.000000 0.000000 1 3 1 20 0 1.000000 1.000000
427 428 -1 0.000000 0.000000 1 3 1 20 0 1.000000 1.000000
428 423 -1 0.000000 0.000000 1 3 1 20 0 1.000000 1.000000
429 430 45 0.235000 0.725000 1 1 1 1 0 1.000000 1.000000
430 431 -1 0.000000 0.000000 1 12 1 20 15 1.000000 1.000000
431 432 -1 0.000000 0.000000 1 13 1 20 5242895 1.000000 1.000000
432 429 -1 0.000000 0.000000 1 12 1 20 15 1.000000 1.000000
437 438 10 0.000000 1.000000 1 1 1 1 0 1.000000 1.000000
438 439 -1 0.000000 0.000000 1 6 1 20 5242880 1.000000 1.000000
439 440 -1 0.000000 0.000000 1 5 1 20 7340032 1.000000 1.000000
440 437 -1 0.000000 0.000000 1 6 1 20 5242880 1.000000 1.000000
98 95 10 0.000000 1.000000 1 1 1 1 0 1.000000 1.000000
95 441 -1 0.000000 0.000000 1 7 1 20 0 0.500000 0.500000
441 98 -1 0.000000 0.000000 1 7 1 20 0 0.500000 0.500000
443 100 -1 0.000000 0.000000 7 7 7 20 0 0.500000 0.500000
100 97 -1 0.000000 0.000000 7 7 7 20 0 0.500000 0.500000
97 443 10 0.000000 1.000000 1 1 1 1 0 1.000000 1.000000
444 74 10 0.000000 1.000000 1 1 1 1 0 1.000000 1.000000
74 447 10 0.000000 1.000000 1 1 1 1 0 1.000000 1.000000
447 97 10 0.000000 1.000000 1 1 1 1 0 1.000000 1.000000
97 96 10 0.000000 1.000000 1 1 1 1 0 1.000000 1.000000
96 96 10 0.000000 1.000000 1 1 1 1 0 1.000000 1.000000
96 446 10 0.000000 1.000000 1 1 1 1 0 1.000000 1.000000
446 445 10 0.000000 1.000000 1 1 1 1 0 1.000000 1.000000
445 438 10 0.000000 1.000000 1 1 1 1 0 1.000000 1.000000
438 437 10 0.000000 1.000000 1 1 1 1 0 1.000000 1.000000
437 444 10 0.000000 1.000000 1 1 1 1 0 1.000000 1.000000
448 449 45 0.000000 0.900000 1 1 1 1 0 1.000000 1.000000
449 451 45 0.000000 0.900000 1 1 1 1 0 1.000000 1.000000
451 450 45 0.000000 0.900000 1 1 1 1 0 1.000000 1.000000
450 448 45 0.000000 0.900000 1 1 1 1 0 1.000000 1.000000
456 40 4 0.265000 0.734999 1 1 1 1 0 1.000000 1.000000
40 457 -1 0.000000 0.000000 1 1 1 20 6291456 1.000000 1.000000
457 458 -1 0.000000 0.000000 1 5 1 20 7340032 1.000000 1.000000
458 456 -1 0.000000 0.000000 1 1 1 20 6291456 1.000000 1.000000
459 462 4 0.000000 1.000000 1 1 1 1 0 1.000000 1.000000
462 461 4 0.000000 1.000000 1 1 1 1 0 1.000000 1.000000
461 460 4 0.000000 1.000000 1 1 1 1 0 1.000000 1.000000
460 459 4 0.000000 1.000000 1 1 1 1 0 1.000000 1.000000
469 468 4 0.265000 0.734999 1 1 1 1 0 1.000000 1.000000
468 470 -1 0.000000 0.000000 1 1 1 20 6291456 1.000000 1.000000
470 471 -1 0.000000 0.000000 1 1 1 20 6291456 1.000000 1.000000
471 469 -1 0.000000 0.000000 1 1 1 20 6291456 1.000000 1.000000
472 475 4 0.100000 0.900000 1 1 1 1 0 1.000000 1.000000
475 474 4 0.100000 0.900000 1 1 1 1 0 1.000000 1.000000
474 473 4 0.100000 0.900000 1 1 1 1 0 1.000000 1.000000
473 472 4 0.100000 0.900000 1 1 1 1 0 1.000000 1.000000
476 487 -1 0.000000 0.000000 1 5 1 20 7340032 1.000000 1.000000
487 486 -1 0.000000 0.000000 1 5 1 20 7340032 1.000000 1.000000
486 477 -1 0.000000 0.000000 1 5 1 20 7340032 1.000000 1.000000
477 478 -1 0.000000 0.000000 1 5 1 20 7340032 1.000000 1.000000
478 489 -1 0.000000 0.000000 1 5 1 20 7340032 1.000000 1.000000
489 488 -1 0.000000 0.000000 1 5 1 20 7340032 1.000000 1.000000
488 479 -1 0.000000 0.000000 1 5 1 20 7340032 1.000000 1.000000
479 476 -1 0.000000 0.000000 1 5 1 20 7340032 1.000000 1.000000
490 491 72 0.100000 0.900000 1 1 1 1 0 1.000000 1.000000
491 492 72 0.100000 0.900000 1 1 1 1 0 1.000000 1.000000
492 493 72 0.100000 0.900000 1 1 1 1 0 1.000000 1.000000
493 490 72 0.100000 0.900000 1 1 1 1 0 1.000000 1.000000
494 495 73 0.100000 0.900000 1 1 1 1 0 1.000000 1.000000
495 496 73 0.100000 0.900000 1 1 1 1 0 1.000000 1.000000
496 497 73 0.100000 0.900000 1 1 1 1 0 1.000000 1.000000
497 494 73 0.100000 0.900000 1 1 1 1 0 1.000000 1.000000
490 493 71 0.100000 0.900000 1 1 1 11 0 1.000000 1.000000
493 492 71 0.100000 0.900000 1 1 1 11 0 1.000000 1.000000
492 491 71 0.100000 0.900000 1 1 1 11 0 1.000000 1.000000
491 490 71 0.100000 0.900000 1 1 1 11 0 1.000000 1.000000
494 497 71 0.100000 0.900000 1 1 1 11 0 1.000000 1.000000
497 496 71 0.100000 0.900000 1 1 1 11 0 1.000000 1.000000
496 495 71 0.100000 0.900000 1 1 1 11 0 1.000000 1.000000
495 494 71 0.100000 0.900000 1 1 1 11 0 1.000000 1.000000
SECTORS 74
0 6 6 0.000000 1.000000 8 1 0 0 0 0 0.000000 0.000000 1.000000 1.000000 0.000000 0.000000 0.700000 0.700000 0.000000 0.500000 0.500000 0.000000
6 22 22 0.000000 1.000000 8 1 0 0 0 0 0.000000 0.000000 1.000000 1.000000 0.000000 0.000000 0.700000 0.700000 0.000000 0.500000 0.500000 0.000000
28 4 4 0.000000 1.000000 8 1 0 0 0 0 0.000000 0.000000 1.000000 1.000000 0.000000 0.000000 0.700000 0.700000 0.000000 0.500000 0.500000 0.000000
32 13 13 0.000000 1.000000 8 1 0 0 0 0 0.000000 0.000000 1.000000 1.000000 0.000000 0.000000 0.700000 0.700000 0.000000 0.500000 0.500000 0.000000
45 164 164 0.000000 1.000000 8 1 0 0 0 0 0.000000 0.600000 1.000000 1.000000 0.200000 0.000000 0.700000 0.700000 0.000000 0.500000 0.500000 0.000000
209 18 18 0.000000 1.000000 8 1 0 0 0 0 0.000000 0.000000 1.000000 1.000000 0.000000 0.000000 0.700000 0.700000 0.000000 0.500000 0.500000 0.000000
227 36 36 0.000000 1.000000 8 1 0 0 0 0 0.000000 0.000000 1.000000 1.000000 0.000000 0.000000 0.700000 0.700000 0.000000 0.500000 0.500000 0.000000
263 16 16 0.000000 1.000000 8 1 0 0 0 0 0.000000 0.000000 1.000000 1.000000 0.000000 0.000000 0.700000 0.700000 0.000000 0.500000 0.500000 0.000000
279 56 56 0.000000 1.000000 8 1 0 0 0 0 0.000000 0.000000 1.000000 1.000000 0.000000 0.000000 0.700000 0.700000 0.000000 0.500000 0.500000 0.000000
335 14 14 0.000000 1.000000 8 1 0 0 0 0 0.000000 0.000000 1.000000 1.000000 0.000000 0.000000 0.700000 0.700000 0.000000 0.500000 0.500000 0.000000
349 27 27 0.000000 1.000000 8 1 0 0 0 0 0.000000 0.000000 1.000000 1.000000 0.000000 0.000000 0.700000 0.700000 0.000000 0.500000 0.500000 0.000000
376 48 48 0.000000 1.000000 8 1 0 0 0 0 0.000000 0.000000 1.000000 1.000000 0.000000 0.000000 0.700000 0.700000 0.000000 0.500000 0.500000 0.000000
424 4 4 -0.200000 1.000000 6 1 0 0 0 0 -0.200000 -0.200000 1.000000 1.000000 0.000000 0.000000 1.000000 1.000000 1.570796 0.500000 0.500000 0.000000
428 4 4 -0.400000 1.000000 6 1 0 0 0 0 -0.400000 -0.400000 1.000000 1.000000 0.000000 0.000000 1.000000 1.000000 1.570796 0.500000 0.500000 0.000000
432 4 4 -0.600000 1.000000 6 1 0 0 0 0 -0.600000 -0.600000 1.000000 1.000000 0.000000 0.000000 1.000000 1.000000 1.570796 0.500000 0.500000 0.000000
436 4 4 -0.800000 1.000000 6 1 0 0 0 0 -0.800000 -0.800000 1.000000 1.000000 0.000000 0.000000 1.000000 1.000000 1.570796 0.500000 0.500000 0.000000
440 4 4 -1.000000 1.000000 6 1 0 0 0 0 -1.000000 -1.000000 1.000000 1.000000 0.000000 0.000000 1.000000 1.000000 1.570796 0.500000 0.500000 0.000000
444 4 4 -1.200000 0.500000 8 1 0 0 0 0 -1.200000 -1.200000 0.500000 0.500000 0.000000 0.000000 1.000000 1.000000 0.000000 0.500000 0.500000 0.000000
448 4 4 -1.200000 -0.200000 8 1 0 0 0 0 -1.200000 -1.200000 -0.200000 -0.200000 0.000000 0.000000 0.700000 0.700000 0.000000 0.500000 0.500000 0.000000
452 10 10 0.000000 1.500000 8 255 3 0 0 0 0.000000 0.000000 1.500000 1.500000 0.000000 0.000000 0.700000 0.700000 0.000000 0.500000 0.500000 0.000000
462 4 4 0.000000 0.900000 2 6 0 0 0 0 0.000000 0.000000 0.900000 0.900000 0.000000 0.000000 0.500000 0.500000 0.000000 0.500000 0.500000 0.000000
466 14 14 0.235000 0.729999 7 7 6 0 0 0 0.235000 0.235000 0.729999 0.729999 0.000000 0.000000 1.000000 1.000000 0.000000 1.000000 1.000000 0.000000
480 4 4 0.200000 1.000000 6 1 4 0 0 0 0.200000 0.200000 1.000000 1.000000 0.000000 0.000000 0.700000 0.700000 0.000000 0.500000 0.500000 0.000000
484 4 4 0.335000 0.730000 6 7 6 0 0 0 0.335000 0.335000 0.730000 0.730000 0.000000 0.000000 1.000000 1.000000 0.000000 1.000000 1.000000 0.000000
488 4 4 0.335000 0.730000 6 7 6 0 0 0 0.335000 0.335000 0.730000 0.730000 0.000000 0.000000 1.000000 1.000000 0.000000 1.000000 1.000000 0.000000
492 5 5 0.000000 1.000000 8 1 7 0 1 2 0.000000 1.000000 1.000000 1.000000 0.500000 0.000000 0.700000 0.700000 0.000000 0.500000 0.500000 0.000000
497 4 4 0.200000 1.000000 4 1 7 0 0 0 0.200000 0.200000 1.000000 1.000000 0.000000 0.000000 1.000000 1.000000 0.000000 1.000000 1.000000 0.000000
501 4 4 0.000000 1.000000 8 1 6 0 0 0 0.000000 0.000000 1.000000 1.000000 0.000000 0.000000 0.500000 0.500000 0.000000 1.000000 1.000000 0.000000
505 4 4 0.290000 0.700000 5 6 6 0 0 0 0.290000 0.290000 0.700000 0.700000 0.000000 0.000000 0.300000 0.300000 1.570796 1.000000 1.000000 1.570796
509 4 4 0.300000 0.700000 6 6 3 0 0 0 0.300000 0.300000 0.700000 0.700000 0.000000 0.000000 1.000000 1.000000 1.570796 1.000000 1.000000 1.570796
513 4 4 0.000000 1.000000 8 7 0 0 4 4 -0.000000 0.000000 0.002000 1.000000 -0.300000 1.000000 0.500000 0.500000 0.000000 1.000000 1.000000 1.570796
517 4 4 0.000000 1.010000 6 2 0 0 3 1 0.000000 1.000000 1.000000 1.010000 0.700000 0.000000 0.700000 0.700000 1.570796 0.500000 0.500000 0.000000
521 4 4 -0.100000 1.000000 5 1 0 0 1 0 -1.000000 -0.100000 0.000000 1.000000 0.200000 0.000000 0.700000 0.700000 0.000000 0.500000 0.500000 0.000000
525 24 24 0.000000 1.100000 8 2 0 0 6 1 0.000000 1.000000 1.000000 1.100000 0.200000 0.000000 0.700000 0.700000 0.000000 0.500000 0.500000 0.000000
549 4 4 0.000000 1.000000 8 6 0 0 2 4 0.000000 1.000000 -0.000000 1.000000 0.000000 1.500000 0.700000 0.700000 1.570796 0.500000 0.500000 0.000000
553 11 11 0.000000 1.000000 8 1 0 0 0 0 0.000000 0.000000 1.000000 1.000000 0.000000 0.000000 0.700000 0.700000 0.000000 0.500000 0.500000 0.000000
564 4 4 0.400000 0.500000 8 1 0 0 0 0 0.000000 0.400000 0.500000 1.000000 0.000000 0.000000 0.700000 0.700000 0.000000 0.500000 0.500000 0.000000
568 4 4 0.000000 1.000000 8 1 0 0 5 1 0.000000 1.000000 1.000000 2.000000 1.500000 0.000000 1.000000 1.000000 0.000000 1.000000 1.000000 0.000000
572 4 4 0.000000 1.000000 8 1 0 0 5 1 0.000000 1.000000 1.000000 2.000000 1.500000 0.000000 1.000000 1.000000 0.000000 1.000000 1.000000 0.000000
576 4 4 0.000000 1.000000 8 1 0 0 5 1 0.000000 1.000000 1.000000 2.000000 1.500000 0.000000 1.000000 1.000000 0.000000 1.000000 1.000000 0.000000
580 4 4 0.000000 1.000000 8 1 0 0 5 1 0.000000 1.000000 1.000000 2.000000 1.500000 0.000000 1.000000 1.000000 0.000000 1.000000 1.000000 0.000000
584 4 4 0.000000 1.000000 8 1 0 0 5 1 0.000000 1.000000 1.000000 2.000000 1.500000 0.000000 1.000000 1.000000 0.000000 1.000000 1.000000 0.000000
588 4 4 0.000000 1.000000 8 6 0 0 2 4 0.000000 1.000000 -0.000000 1.000000 0.000000 1.500000 0.700000 0.700000 1.570796 0.500000 0.500000 0.000000
592 4 4 0.000000 1.000000 8 6 0 0 2 4 0.000000 1.000000 -0.000000 1.000000 0.000000 1.500000 0.700000 0.700000 1.570796 0.500000 0.500000 0.000000
596 4 4 0.000000 1.000000 8 11 0 0 7 4 0.000000 0.000000 -0.000000 1.000000 0.000000 0.700000 0.700000 0.700000 0.000000 0.500000 0.500000 0.000000
600 43 43 0.000000 1.000000 8 1 0 0 0 0 0.000000 0.000000 1.000000 1.000000 0.000000 0.000000 0.700000 0.700000 0.000000 0.500000 0.500000 0.000000
643 4 4 0.000000 0.999999 12 1 0 15 7 1 -0.100000 0.000000 0.999999 2.000000 0.133000 0.000000 1.000000 1.000000 0.000000 0.500000 0.500000 0.000000
647 4 4 0.400000 0.600000 7 7 0 0 0 0 0.000000 0.400000 0.600000 2.000000 0.000000 0.000000 1.000000 1.000000 0.000000 1.000000 1.000000 0.000000
651 4 4 0.000000 0.999999 12 1 0 15 7 1 -0.100000 0.000000 0.999999 2.000000 0.133000 0.000000 1.000000 1.000000 0.000000 0.500000 0.500000 0.000000
655 4 4 0.000000 1.000000 8 11 0 1 8 4 0.000000 0.000000 -0.000000 1.000000 0.000000 1.500000 0.700000 0.700000 1.570796 1.000000 1.000000 1.570796
659 4 4 0.400000 0.500000 8 1 0 0 0 0 0.000000 0.400000 0.500000 1.000000 0.000000 0.000000 0.700000 0.700000 0.000000 0.500000 0.500000 0.000000
663 4 4 0.400000 0.500000 8 1 0 0 0 0 0.000000 0.400000 0.500000 1.000000 0.000000 0.000000 0.700000 0.700000 0.000000 0.500000 0.500000 0.000000
667 4 4 0.400000 0.500000 8 1 0 0 0 0 0.000000 0.400000 0.500000 1.000000 0.000000 0.000000 0.700000 0.700000 0.000000 0.500000 0.500000 0.000000
671 4 4 0.400000 0.500000 8 1 0 0 0 0 0.000000 0.400000 0.500000 1.000000 0.000000 0.000000 0.700000 0.700000 0.000000 0.500000 0.500000 0.000000
675 4 4 0.400000 0.500000 8 1 0 0 0 0 0.000000 0.400000 0.500000 1.000000 0.000000 0.000000 0.700000 0.700000 0.000000 0.500000 0.500000 0.000000
679 4 4 0.400000 0.500000 8 1 0 0 0 0 0.000000 0.400000 0.500000 1.000000 0.000000 0.000000 0.700000 0.700000 0.000000 0.500000 0.500000 0.000000
683 4 4 0.400000 0.500000 8 1 0 0 0 0 0.000000 0.400000 0.500000 1.000000 0.000000 0.000000 0.700000 0.700000 0.000000 0.500000 0.500000 0.000000
687 4 4 0.000000 1.200000 8 255 7 0 0 0 0.000000 0.000000 1.200000 2.000000 0.000000 0.000000 0.700000 0.700000 0.000000 1.000000 1.000000 0.000000
691 4 4 0.000000 1.200000 8 255 7 0 0 0 0.000000 0.000000 1.200000 2.000000 0.000000 0.000000 0.700000 0.700000 0.000000 1.000000 1.000000 0.000000
695 4 4 0.000000 1.200000 8 255 7 0 0 0 0.000000 0.000000 1.200000 2.000000 0.000000 0.000000 0.700000 0.700000 0.000000 1.000000 1.000000 0.000000
699 4 4 0.000000 1.200000 8 255 7 0 0 0 0.000000 0.000000 1.200000 2.000000 0.000000 0.000000 0.700000 0.700000 0.000000 1.000000 1.000000 0.000000
703 4 4 0.400000 0.600000 6 1 0 0 0 0 0.000000 0.000000 2.000000 2.000000 0.000000 0.000000 1.000000 1.000000 0.000000 1.000000 1.000000 0.000000
707 4 4 0.235000 0.725000 12 12 0 15 0 0 0.000000 0.000000 2.000000 2.000000 0.000000 0.000000 1.000000 1.000000 0.000000 1.000000 1.000000 0.000000
711 4 4 0.000000 1.000000 8 1 7 0 0 0 0.000000 0.000000 2.000000 2.000000 0.000000 0.000000 0.700000 0.700000 0.000000 0.500000 0.500000 0.000000
715 3 3 0.000000 1.000000 8 1 0 0 0 0 0.000000 0.000000 2.000000 2.000000 0.000000 0.000000 0.700000 0.700000 0.000000 0.500000 0.500000 0.000000
718 3 3 0.000000 1.000000 8 1 0 0 0 0 0.000000 0.000000 1.000000 1.000000 0.000000 0.000000 0.700000 0.700000 0.000000 0.500000 0.500000 0.000000
721 10 10 0.000000 1.000000 8 1 6 0 0 0 0.000000 0.000000 2.000000 2.000000 0.000000 0.000000 0.700000 0.700000 0.000000 0.500000 0.500000 0.000000
731 4 4 0.000000 0.900000 8 6 0 0 0 0 0.000000 0.000000 2.000000 2.000000 0.000000 0.000000 0.700000 0.700000 0.000000 0.500000 0.500000 1.570796
735 4 4 0.265000 0.734999 7 7 6 0 0 0 0.000000 0.000000 2.000000 2.000000 0.000000 0.000000 1.000000 1.000000 0.000000 1.000000 1.000000 0.000000
739 4 4 0.000000 1.000000 8 1 5 0 0 0 0.000000 0.000000 2.000000 2.000000 0.000000 0.000000 0.700000 0.700000 0.000000 0.500000 0.500000 0.000000
743 4 4 0.265000 0.734999 12 7 6 15 0 0 0.000000 0.265000 0.734999 2.000000 0.000000 0.000000 1.000000 1.000000 0.000000 1.000000 1.000000 0.000000
747 20 20 0.100000 0.900000 12 12 0 15 0 0 0.000000 0.000000 2.000000 2.000000 0.000000 0.000000 0.700000 0.700000 0.000000 0.500000 0.500000 0.000000
767 4 4 0.000000 1.200000 3 255 6 0 0 0 0.000000 0.000000 2.000000 2.000000 0.000000 0.000000 1.000000 1.000000 0.000000 1.000000 1.000000 0.000000
771 4 4 0.000000 1.200000 3 255 6 0 0 0 0.000000 0.000000 1.200000 2.000000 0.000000 0.000000 1.000000 1.000000 0.000000 1.000000 1.000000 0.000000
OBJECTS 10
-20.000000 -30.000000 0.000000 0 4 0 1 1.399998 1 8 4
-29.100000 -18.000000 0.000000 3 3 1 1 1.150000 1 2 1
-14.000000 -20.000000 0.000000 0 2 0 1 1.350000 1 8 4
-32.000000 -16.800001 0.000000 0 5 0 2 0.650000 1 2 0
-32.200001 -13.800000 0.000000 0 5 0 2 0.650000 1 1 0
-32.000000 -28.000000 0.000000 0 6 0 2 1.050000 1 2 0
-32.000000 -26.000000 0.000000 0 6 0 2 0.950000 1 1 0
-24.800001 -18.000000 0.000000 0 7 0 1 0.450000 1 10 5
-27.100000 -18.000000 0.000000 0 7 0 1 0.450000 1 10 5
-18.000000 -16.200001 0.000000 0 8 0 1 1.550000 1 8 4
