MAPEDIT3
START 2.000000 7.000000 -1.600000 19
VERTS 149
1.100000 2.800000
2.900000 2.800000
3.000000 -1.000000
1.000000 -1.000000
3.000000 -3.000000
-3.000000 3.000000
5.000000 -1.000000
5.000000 -3.000000
3.000000 -7.000000
1.000000 -5.000000
-3.000000 -5.000000
-9.000000 3.000000
-5.000000 -7.000000
-5.000000 1.000000
-9.000000 1.000000
-9.000000 -3.000000
-11.000000 5.000000
-11.000000 -3.000000
-9.000000 5.000000
-15.000000 -3.000000
-15.000000 1.000000
-11.000000 -1.000000
-11.000000 1.000000
-13.000000 -1.000000
-13.000000 -3.000000
-15.000000 -1.000000
-15.000000 -9.000000
-23.000000 -1.000000
-21.000000 -9.000000
-19.000000 -7.000000
-17.000000 -7.000000
-17.000000 -5.000000
-19.000000 -5.000000
-21.000000 -3.000000
-22.990000 -3.000000
-29.000000 1.000000
-22.990000 -7.010000
-27.000000 -7.010000
-23.000000 1.000000
-29.000000 -5.000000
-33.000000 -5.000000
-33.000000 -13.000000
-27.000000 -13.000000
-31.000000 -9.000000
-29.000000 -9.000000
-29.000000 -7.000000
-31.000000 -7.000000
-15.000000 -11.000000
-17.000000 -11.000000
-17.000000 -9.000000
-27.000000 -11.000000
-15.000000 -13.000000
-23.000000 -13.000000
-23.000000 -15.000000
-19.000000 -15.000000
-19.000000 -13.000000
-25.000000 -13.000000
-25.000000 -21.000000
-27.000000 -21.000000
-29.000000 -13.000000
-31.000000 -13.000000
-29.000000 -22.000000
-31.000000 -22.000000
-25.000000 -17.000000
-23.000000 -17.000000
-23.000000 -25.000000
-25.000000 -23.000000
-21.000000 -19.000000
-23.000000 -19.000000
-19.000000 -25.000000
-21.000000 -21.000000
-19.000000 -21.000000
-23.000000 -23.000000
-19.000000 -23.000000
-17.000000 -25.000000
-17.000000 -23.000000
-9.000000 -17.000000
-9.000000 -27.000000
-33.000000 -22.000000
-27.000000 -22.000000
-27.000000 -30.000000
-33.000000 -30.000000
-31.000000 -28.000000
-29.000000 -28.000000
-29.000000 -24.000000
-31.000000 -24.000000
-17.000000 -17.000000
-17.000000 -27.000000
-15.000000 -23.000000
-11.000000 -23.000000
-11.000000 -21.000000
-15.000000 -21.000000
-11.000000 -11.000000
-13.000000 -13.000000
-11.000000 -17.000000
-13.000000 -17.000000
-11.000000 -13.000000
-7.000000 -11.000000
-7.000000 -13.000000
-7.000000 -15.000000
-5.000000 -11.000000
-5.000000 -17.000000
-8.000000 -15.000000
-8.000000 -17.000000
-7.000000 -17.000000
1.000000 -29.000000
-7.000000 -29.000000
-5.000000 -27.000000
-1.000000 -27.000000
1.000000 -27.000000
3.000000 -25.000000
-1.000000 -21.000000
3.000000 -27.000000
1.000000 -15.000000
1.000000 -25.000000
-3.000000 -15.000000
-3.000000 -21.000000
-5.000000 -25.000000
-5.000000 -23.000000
-4.500000 -23.000000
-4.500000 -25.000000
-4.000000 -23.000000
-4.000000 -25.000000
-3.500000 -23.000000
-3.500000 -25.000000
-3.000000 -23.000000
-3.000000 -25.000000
-2.500000 -23.000000
-2.500000 -25.000000
-1.800000 -23.000000
-1.800000 -24.900000
3.000000 -23.000000
3.000000 -24.900002
-0.000000 5.000000
0.000000 8.000000
4.000000 8.000000
4.000000 5.000000
1.000000 3.400000
3.000000 3.400000
1.100000 3.000000
2.900000 3.000000
1.000000 3.000000
3.000000 3.000000
3.000000 2.800000
1.000000 2.800000
-25.000000 -7.000000
-23.000000 -7.000000
-23.000000 -5.000000
-25.000000 -5.000000
WALLS 197
0 1 20 0.000000 0.900000 6 6 6 11 0 0.500000 0.500000
1 143 -1 0.000000 0.000000 1 6 1 20 262176 0.500000 0.500000
143 2 -1 0.000000 0.000000 1 7 1 20 0 0.500000 0.500000
2 3 1 0.000000 1.000000 7 7 7 1 0 0.500000 0.500000
3 144 -1 0.000000 0.000000 1 7 1 20 0 0.500000 0.500000
144 0 -1 0.000000 0.000000 1 6 1 20 262176 0.500000 0.500000
3 2 0 0.000000 1.000000 7 7 7 1 0 1.000000 1.000000
2 4 2 0.000000 1.000000 7 7 7 1 0 1.000000 1.000000
4 8 -1 0.000000 0.000000 7 7 7 20 0 0.500000 0.500000
8 12 -1 0.000000 0.000000 7 7 7 20 0 0.500000 0.500000
12 13 -1 0.000000 0.000000 7 7 7 20 0 0.500000 0.500000
13 14 -1 0.000000 0.000000 7 7 7 20 0 0.500000 0.500000
14 11 3 0.000000 1.000000 7 7 7 1 0 0.500000 0.500000
11 5 -1 0.000000 0.000000 7 7 7 20 0 0.500000 0.500000
5 10 -1 0.000000 0.000000 7 7 7 20 0 0.500000 0.500000
10 9 -1 0.000000 0.000000 7 7 7 20 0 0.500000 0.500000
9 3 -1 0.000000 0.000000 7 7 7 20 0 0.500000 0.500000
4 2 1 0.000000 1.000000 7 7 7 1 0 1.000000 1.000000
2 6 -1 0.000000 0.000000 7 7 7 20 0 0.500000 0.500000
6 7 -1 0.000000 0.000000 7 7 7 20 0 0.500000 0.500000
7 4 -1 0.000000 0.000000 7 7 7 20 0 0.500000 0.500000
11 14 1 0.000000 1.000000 7 7 7 1 0 1.000000 1.000000
14 15 -1 0.000000 0.000000 7 7 7 20 0 0.500000 0.500000
15 17 -1 0.000000 0.000000 7 7 7 20 0 0.500000 0.500000
17 21 -1 0.000000 0.000000 7 7 7 20 0 0.500000 0.500000
21 23 -1 0.000000 0.000000 7 7 7 20 0 0.500000 0.500000
23 24 -1 0.000000 0.000000 7 7 7 20 0 0.500000 0.500000
24 19 -1 0.000000 0.000000 7 7 7 20 0 0.500000 0.500000
19 25 4 0.000000 1.000000 7 7 7 1 0 1.000000 1.000000
25 20 -1 0.000000 0.000000 7 7 7 20 0 0.500000 0.500000
20 22 -1 0.000000 0.000000 7 7 7 20 0 0.500000 0.500000
22 16 -1 0.000000 0.000000 7 7 7 20 0 0.500000 0.500000
16 18 -1 0.000000 0.000000 7 7 7 20 0 0.500000 0.500000
18 11 -1 0.000000 0.000000 7 7 7 20 0 0.500000 0.500000
25 19 3 0.000000 1.000000 7 7 7 1 0 1.000000 1.000000
19 26 -1 0.000000 0.000000 7 7 7 20 0 0.500000 0.500000
26 47 -1 0.000000 0.000000 7 7 7 20 0 0.500000 0.500000
47 48 5 0.000000 1.000000 7 7 7 1 0 0.500000 0.500000
48 49 -1 0.000000 0.000000 7 7 7 20 0 0.500000 0.500000
49 28 -1 0.000000 0.000000 7 7 7 20 0 0.500000 0.500000
28 33 -1 0.000000 0.000000 7 7 7 20 0 0.500000 0.500000
33 34 -1 0.000000 0.000000 7 7 7 20 0 0.500000 0.500000
34 36 -1 0.000000 0.000000 7 7 7 20 0 0.500000 0.500000
36 37 -1 0.000000 0.000000 7 7 7 20 0 0.500000 0.500000
37 50 -1 0.000000 0.000000 7 7 7 20 0 0.500000 0.500000
50 42 5 0.000000 1.000000 7 7 7 1 0 0.500000 0.500000
42 59 -1 0.000000 0.000000 7 7 7 20 0 0.500000 0.500000
59 60 6 0.000000 1.000000 7 7 7 1 0 0.500000 0.500000
60 41 -1 0.000000 0.000000 7 7 7 20 0 0.500000 0.500000
41 40 -1 0.000000 0.000000 7 7 7 20 0 0.500000 0.500000
40 39 -1 0.000000 0.000000 7 7 7 20 0 0.500000 0.500000
39 35 -1 0.000000 0.000000 7 7 7 20 0 0.500000 0.500000
35 38 -1 0.000000 0.000000 7 7 7 20 0 0.500000 0.500000
38 27 -1 0.000000 0.000000 7 7 7 20 0 0.500000 0.500000
27 25 -1 0.000000 0.000000 7 7 7 20 0 0.500000 0.500000
29 30 -1 0.000000 0.000000 7 7 7 20 0 0.500000 0.500000
30 31 -1 0.000000 0.000000 7 7 7 20 0 0.500000 0.500000
31 32 -1 0.000000 0.000000 7 7 7 20 0 0.500000 0.500000
32 29 -1 0.000000 0.000000 7 7 7 20 0 0.500000 0.500000
43 44 -1 0.000000 0.000000 7 7 7 20 0 1.000000 1.000000
44 45 -1 0.000000 0.000000 7 7 7 20 0 1.000000 1.000000
45 46 -1 0.000000 0.000000 7 7 7 20 0 1.000000 1.000000
46 43 -1 0.000000 0.000000 7 7 7 20 0 1.000000 1.000000
145 146 21 0.000000 1.000000 7 7 7 3 0 1.000000 1.000000
146 147 21 0.000000 1.000000 7 7 7 3 0 1.000000 1.000000
147 148 21 0.000000 1.000000 7 7 7 3 0 1.000000 1.000000
148 145 21 0.000000 1.000000 7 7 7 3 0 1.000000 1.000000
42 50 4 0.000000 1.000000 7 7 7 1 0 1.000000 1.000000
50 48 -1 0.000000 0.000000 7 7 7 20 0 0.500000 0.500000
48 47 4 0.000000 1.000000 7 7 7 1 0 0.500000 0.500000
47 51 9 0.000000 1.000000 7 7 7 1 0 0.500000 0.500000
51 55 -1 0.000000 0.000000 7 7 7 20 0 0.500000 0.500000
55 54 -1 0.000000 0.000000 7 7 7 20 0 0.500000 0.500000
54 53 -1 0.000000 0.000000 7 7 7 20 0 0.500000 0.500000
53 52 -1 0.000000 0.000000 7 7 7 20 0 0.500000 0.500000
52 56 -1 0.000000 0.000000 7 7 7 20 0 0.500000 0.500000
56 63 -1 0.000000 0.000000 7 7 7 20 0 0.500000 0.500000
63 57 7 0.000000 1.000000 7 7 7 1 0 0.500000 0.500000
57 58 -1 0.000000 0.000000 7 7 7 20 0 0.500000 0.500000
58 42 -1 0.000000 0.000000 7 7 7 20 0 0.500000 0.500000
60 59 4 0.000000 1.000000 7 7 7 1 0 1.000000 1.000000
59 61 -1 0.000000 0.000000 7 7 7 20 0 0.500000 0.500000
61 79 -1 0.000000 0.000000 7 7 7 20 0 0.500000 0.500000
79 80 -1 0.000000 0.000000 7 7 7 20 0 0.500000 0.500000
80 81 -1 0.000000 0.000000 7 7 7 20 0 0.500000 0.500000
81 78 -1 0.000000 0.000000 7 7 7 20 0 0.500000 0.500000
78 62 -1 0.000000 0.000000 7 7 7 20 0 0.500000 0.500000
62 60 -1 0.000000 0.000000 7 7 7 20 0 0.500000 0.500000
82 83 -1 0.000000 0.000000 7 7 7 20 0 0.500000 0.500000
83 84 -1 0.000000 0.000000 7 7 7 20 0 0.500000 0.500000
84 85 -1 0.000000 0.000000 7 7 7 20 0 0.500000 0.500000
85 82 -1 0.000000 0.000000 7 7 7 20 0 0.500000 0.500000
57 63 5 0.000000 1.000000 7 7 7 1 0 1.000000 1.000000
63 64 -1 0.000000 0.000000 7 7 7 20 0 0.500000 0.500000
64 68 -1 0.000000 0.000000 7 7 7 20 0 0.500000 0.500000
68 67 -1 0.000000 0.000000 7 7 7 20 0 0.500000 0.500000
67 70 -1 0.000000 0.000000 7 7 7 20 0 0.500000 0.500000
70 71 -1 0.000000 0.000000 7 7 7 20 0 0.500000 0.500000
71 73 -1 0.000000 0.000000 7 7 7 20 0 0.500000 0.500000
73 75 -1 0.000000 0.000000 7 7 7 20 0 0.500000 0.500000
75 74 8 0.000000 1.000000 7 7 7 1 0 1.000000 1.000000
74 69 -1 0.000000 0.000000 7 7 7 20 0 0.500000 0.500000
69 65 -1 0.000000 0.000000 7 7 7 20 0 0.500000 0.500000
65 72 -1 0.000000 0.000000 7 7 7 20 0 0.500000 0.500000
72 66 -1 0.000000 0.000000 7 7 7 20 0 0.500000 0.500000
66 57 -1 0.000000 0.000000 7 7 7 20 0 0.500000 0.500000
74 75 7 0.000000 1.000000 7 7 7 1 0 1.000000 1.000000
75 86 -1 0.000000 0.000000 7 7 7 20 0 0.500000 0.500000
86 95 -1 0.000000 0.000000 7 7 7 20 0 0.500000 0.500000
95 94 9 0.000000 1.000000 7 7 7 1 0 0.500000 0.500000
94 76 -1 0.000000 0.000000 7 7 7 20 0 0.500000 0.500000
76 77 -1 0.000000 0.000000 7 7 7 20 0 0.500000 0.500000
77 87 -1 0.000000 0.000000 7 7 7 20 0 0.500000 0.500000
87 74 -1 0.000000 0.000000 7 7 7 20 0 0.500000 0.500000
88 89 -1 0.000000 0.000000 7 7 7 20 0 0.500000 0.500000
89 90 -1 0.000000 0.000000 7 7 7 20 0 0.500000 0.500000
90 91 -1 0.000000 0.000000 7 7 7 20 0 0.500000 0.500000
91 88 -1 0.000000 0.000000 7 7 7 20 0 0.500000 0.500000
51 47 5 0.000000 1.000000 7 7 7 1 0 1.000000 1.000000
47 92 -1 0.000000 0.000000 7 7 7 20 0 0.500000 0.500000
92 96 10 0.000000 1.000000 7 7 7 1 0 0.500000 0.500000
96 94 -1 0.000000 0.000000 7 7 7 20 0 0.500000 0.500000
94 95 8 0.000000 1.000000 7 7 7 1 0 0.500000 0.500000
95 93 -1 0.000000 0.000000 7 7 7 20 0 0.500000 0.500000
93 51 -1 0.000000 0.000000 7 7 7 20 0 0.500000 0.500000
96 92 9 0.000000 1.000000 7 7 7 1 0 1.000000 1.000000
92 97 -1 0.000000 0.000000 7 7 7 20 0 0.500000 0.500000
97 100 -1 0.000000 0.000000 7 7 7 20 0 0.500000 0.500000
100 101 -1 0.000000 0.000000 7 7 7 20 0 0.500000 0.500000
101 104 11 0.000000 1.000000 7 7 7 1 0 0.500000 0.500000
104 103 -1 0.000000 0.000000 7 7 7 20 0 0.500000 0.500000
103 102 -1 0.000000 0.000000 7 7 7 20 0 0.500000 0.500000
102 99 -1 0.000000 0.000000 7 7 7 20 0 0.500000 0.500000
99 98 -1 0.000000 0.000000 7 7 7 20 0 0.500000 0.500000
98 96 -1 0.000000 0.000000 7 7 7 20 0 0.500000 0.500000
104 101 10 0.000000 1.000000 7 7 7 1 0 1.000000 1.000000
101 118 -1 0.000000 0.000000 7 7 7 20 0 0.500000 0.500000
118 117 12 0.000000 1.000000 7 7 7 3 0 0.500000 0.500000
117 107 -1 0.000000 0.000000 7 7 7 20 0 0.500000 0.500000
107 108 -1 0.000000 0.000000 7 7 7 20 0 0.500000 0.500000
108 111 -1 0.000000 0.000000 7 7 7 20 0 0.500000 0.500000
111 116 -1 0.000000 0.000000 7 7 7 20 0 0.500000 0.500000
116 115 -1 0.000000 0.000000 7 7 7 20 0 0.500000 0.500000
115 113 -1 0.000000 0.000000 7 7 7 20 0 0.500000 0.500000
113 114 -1 0.000000 0.000000 7 7 7 20 0 0.500000 0.500000
114 110 -1 0.000000 0.000000 7 7 7 20 0 0.500000 0.500000
110 112 -1 0.000000 0.000000 7 7 7 20 0 0.500000 0.500000
112 109 -1 0.000000 0.000000 7 7 7 20 0 0.500000 0.500000
109 105 -1 0.000000 0.000000 7 7 7 20 0 0.500000 0.500000
105 106 -1 0.000000 0.000000 7 7 7 20 0 0.500000 0.500000
106 104 -1 0.000000 0.000000 7 7 7 20 0 0.500000 0.500000
118 119 -1 0.000000 0.000000 7 7 7 20 4 0.500000 0.500000
119 120 13 -0.200000 1.000000 7 7 7 1 0 1.000000 1.000000
120 117 -1 0.000000 0.000000 7 7 7 20 4 0.500000 0.500000
117 118 11 0.000000 1.000000 7 7 7 9 0 1.000000 1.000000
119 121 -1 0.000000 0.000000 7 7 7 20 4 0.500000 0.500000
121 122 14 -0.400000 1.000000 7 7 7 1 0 1.000000 1.000000
122 120 -1 0.000000 0.000000 7 7 7 20 4 0.500000 0.500000
120 119 12 -0.200000 1.000000 6 6 6 9 0 1.000000 1.000000
121 123 -1 0.000000 0.000000 7 7 7 20 4 0.500000 0.500000
123 124 15 -0.600000 1.000000 7 7 7 1 0 1.000000 1.000000
124 122 -1 0.000000 0.000000 7 7 7 20 4 0.500000 0.500000
122 121 13 -0.400000 1.000000 6 6 6 9 0 1.000000 1.000000
123 125 -1 0.000000 0.000000 7 7 7 20 4 0.500000 0.500000
125 126 16 -0.800000 1.000000 7 7 7 1 0 1.000000 1.000000
126 124 -1 0.000000 0.000000 7 7 7 20 4 0.500000 0.500000
124 123 14 -0.600000 1.000000 6 6 6 9 0 1.000000 1.000000
125 127 -1 0.000000 0.000000 7 7 7 20 4 0.500000 0.500000
127 128 17 -1.000000 0.500000 7 7 7 3 4 0.500000 0.500000
128 126 -1 0.000000 0.000000 7 7 7 20 4 0.500000 0.500000
126 125 15 -0.800000 1.000000 6 6 6 9 0 1.000000 1.000000
127 129 -1 0.000000 0.000000 7 7 7 20 8 0.500000 0.500000
129 130 18 -1.200000 -0.200000 7 7 7 3 4 0.500000 0.500000
130 128 -1 0.000000 0.000000 7 7 7 20 8 0.500000 0.500000
128 127 16 -1.000000 0.500000 6 6 6 9 0 1.000000 1.000000
129 131 -1 0.000000 0.000000 7 7 7 20 0 0.500000 0.500000
131 132 -1 0.000000 0.000000 7 7 7 20 0 0.500000 0.500000
132 130 -1 0.000000 0.000000 7 7 7 20 0 0.500000 0.500000
130 129 17 -1.200000 -0.200000 7 7 7 1 0 0.500000 0.500000
139 141 -1 0.000000 0.000000 7 6 7 20 262176 1.000000 1.000000
141 137 -1 0.000000 0.000000 7 7 7 20 8 0.500000 0.500000
137 133 -1 0.000000 0.000000 7 7 7 20 8 0.500000 0.500000
133 134 -1 0.000000 0.000000 7 7 7 20 8 0.500000 0.500000
134 135 -1 0.000000 0.000000 7 7 7 20 8 0.500000 0.500000
135 136 -1 0.000000 0.000000 7 7 7 20 8 0.500000 0.500000
136 138 -1 0.000000 0.000000 7 7 7 20 8 0.500000 0.500000
138 142 -1 0.000000 0.000000 7 7 7 20 8 0.500000 0.500000
142 140 -1 0.000000 0.000000 7 6 7 20 262176 1.000000 1.000000
140 139 20 0.000000 0.900000 6 6 6 11 0 1.000000 1.000000
140 1 -1 0.000000 0.000000 7 6 7 20 262176 1.000000 1.000000
1 0 0 0.000000 0.900000 6 6 6 1 0 1.000000 1.000000
0 139 -1 0.000000 0.000000 7 6 7 20 262176 1.000000 1.000000
139 140 19 0.000000 0.900000 6 6 6 1 0 1.000000 1.000000
145 148 4 0.000000 1.000000 7 7 7 1 0 1.000000 1.000000
148 147 4 0.000000 1.000000 7 7 7 1 0 1.000000 1.000000
147 146 4 0.000000 1.000000 7 7 7 1 0 1.000000 1.000000
146 145 4 0.000000 1.000000 7 7 7 1 0 1.000000 1.000000
SECTORS 22
0 6 6 0.000000 1.000000 8 1 0 0.700000 0.700000 0.000000 0.500000 0.500000 0.000000
6 11 11 0.000000 1.000000 8 1 0 0.700000 0.700000 0.000000 0.500000 0.500000 0.000000
17 4 4 0.000000 1.000000 8 1 0 0.700000 0.700000 0.000000 0.500000 0.500000 0.000000
21 13 13 0.000000 1.000000 8 1 0 0.700000 0.700000 0.000000 0.500000 0.500000 0.000000
34 33 33 0.000000 1.000000 8 1 0 0.700000 0.700000 0.000000 0.500000 0.500000 0.000000
67 13 13 0.000000 1.000000 8 1 0 0.700000 0.700000 0.000000 0.500000 0.500000 0.000000
80 12 12 0.000000 1.000000 8 1 0 0.700000 0.700000 0.000000 0.500000 0.500000 0.000000
92 14 14 0.000000 1.000000 8 1 0 0.700000 0.700000 0.000000 0.500000 0.500000 0.000000
106 12 12 0.000000 1.000000 8 1 0 0.700000 0.700000 0.000000 0.500000 0.500000 0.000000
118 7 7 0.000000 1.000000 8 1 0 0.700000 0.700000 0.000000 0.500000 0.500000 0.000000
125 10 10 0.000000 1.000000 8 1 0 0.700000 0.700000 0.000000 0.500000 0.500000 0.000000
135 16 16 0.000000 1.000000 8 1 0 0.700000 0.700000 0.000000 0.500000 0.500000 0.000000
151 4 4 -0.200000 1.000000 6 1 0 1.000000 1.000000 1.570796 1.000000 1.000000 1.570796
155 4 4 -0.400000 1.000000 6 1 0 1.000000 1.000000 1.570796 1.000000 1.000000 1.570796
159 4 4 -0.600000 1.000000 6 1 0 1.000000 1.000000 1.570796 1.000000 1.000000 1.570796
163 4 4 -0.800000 1.000000 6 1 0 1.000000 1.000000 1.570796 1.000000 1.000000 1.570796
167 4 4 -1.000000 1.000000 6 1 0 1.000000 1.000000 1.570796 1.000000 1.000000 1.570796
171 4 4 -1.200000 0.500000 8 1 0 1.000000 1.000000 0.000000 1.000000 1.000000 0.000000
175 4 4 -1.200000 -0.200000 8 1 0 1.000000 1.000000 0.000000 1.000000 1.000000 0.000000
179 10 10 0.000000 1.500000 8 255 0 0.700000 0.700000 0.000000 0.500000 0.500000 0.000000
189 4 4 0.000000 0.900000 2 6 0 0.500000 0.500000 0.000000 0.500000 0.500000 0.000000
193 4 4 0.000000 1.000000 4 1 7 0.700000 0.700000 0.000000 0.500000 0.500000 0.000000
