MAPEDIT3
START -15.900001 -5.200000 -1.600000 4
VERTS 274
1.100000 2.800000
2.900000 2.800000
3.000000 -1.000000
1.000000 -1.000000
3.000000 -3.000000
-3.000000 3.000000
5.000000 -1.000000
5.000000 -3.000000
2.800000 -7.000000
0.900000 -5.000000
-3.000000 -5.000000
-9.000000 3.000000
-5.000000 -7.000000
-5.000000 1.000000
-9.000000 1.000000
-9.000000 -3.000000
-11.000000 5.000000
-11.000000 -3.000000
-9.000000 5.000000
-15.000000 -3.000000
-15.000000 1.000000
-11.000000 -1.000000
-11.000000 1.000000
-13.000000 -1.000000
-13.000000 -3.000000
-15.000000 -1.000000
-15.000000 -9.000000
-23.000000 -0.600000
-21.000000 -8.600000
-19.000000 -6.900000
-17.000000 -6.900000
-17.100000 -5.000000
-18.900000 -5.000000
-21.000000 -3.300000
-22.690001 -3.000000
-29.000000 1.000000
-22.990000 -7.010000
-27.000000 -7.210000
-23.000000 1.000000
-29.400000 -5.000000
-33.000000 -5.000000
-33.000000 -12.000000
-27.000000 -13.000000
-30.599998 -10.000000
-29.400002 -10.000000
-29.400002 -7.000000
-31.000000 -7.400000
-15.000000 -11.000000
-17.000000 -11.000000
-17.400002 -9.000000
-27.000000 -11.000000
-15.000000 -13.000000
-23.000000 -13.000000
-23.000000 -15.000000
-19.000000 -15.000000
-19.000000 -13.000000
-25.000000 -13.000000
-25.000000 -21.000000
-27.000000 -21.000000
-29.000000 -13.000000
-31.000000 -13.000000
-29.000000 -22.000000
-31.000000 -22.000000
-25.000000 -17.000000
-23.000000 -17.000000
-23.000000 -25.000000
-25.000000 -23.000000
-21.000000 -19.000000
-23.000000 -19.000000
-19.000000 -25.000000
-21.000000 -21.000000
-19.000000 -21.000000
-23.000000 -23.000000
-19.000000 -23.000000
-17.000000 -25.000000
-17.000000 -23.000000
-9.000000 -17.000000
-9.000000 -27.000000
-33.000000 -22.000000
-27.000000 -22.000000
-27.000000 -30.000000
-33.000000 -30.000000
-31.000000 -28.000000
-29.000000 -28.000000
-29.000000 -24.000000
-31.000000 -24.000000
-17.000000 -17.000000
-17.000000 -27.000000
-15.100000 -22.900000
-11.100000 -23.100000
-10.900000 -21.100000
-15.100000 -21.100000
-11.000000 -11.000000
-13.000000 -13.000000
-11.000000 -17.000000
-13.000000 -17.000000
-11.000000 -13.000000
-7.000000 -11.000000
-7.000000 -13.000000
-7.000000 -15.000000
-5.000000 -11.000000
-5.000000 -17.000000
-8.990000 -15.000000
-7.000000 -17.000000
1.000000 -29.000000
-7.000000 -29.000000
-5.000000 -27.000000
-1.000000 -27.000000
1.000000 -27.000000
3.000000 -25.009998
-1.000000 -21.000000
3.000000 -27.000000
1.000000 -15.000000
1.000000 -25.009998
-3.000000 -15.000000
-3.000000 -21.000000
-4.700000 -25.000000
-4.700000 -23.000000
-4.200000 -23.000000
-4.200000 -25.000000
-3.700000 -23.000000
-3.700000 -25.000000
-3.200000 -23.000000
-3.200000 -25.000000
-2.700000 -23.000000
-2.700000 -25.000000
-2.200000 -23.000000
-2.200000 -25.000000
-1.200000 -23.000000
-1.200000 -25.000000
3.000000 -23.000000
3.000000 -25.000002
-0.000000 5.000000
0.000000 8.000000
4.000000 8.000000
4.000000 5.000000
1.000000 3.400000
3.000000 3.400000
1.100000 3.000000
2.900000 3.000000
1.000000 3.000000
3.000000 3.000000
3.000000 2.800000
1.000000 2.800000
-25.000000 -7.000000
-23.000000 -5.000000
-25.000000 -5.000000
-29.000000 -9.600000
-29.000000 -7.400000
-30.600000 -7.000000
-31.000000 -9.600000
-5.300000 -29.100000
-6.600000 -29.100000
-5.600000 -29.500002
-6.300000 -29.500002
-5.000000 -29.000000
-6.900000 -28.999998
-5.200000 -28.900000
-5.100000 -28.900000
-6.700000 -28.900000
-6.800000 -28.900002
-6.400000 -29.090000
-5.500000 -29.090000
-5.700000 -28.900002
-6.200000 -28.900002
-6.600000 -29.200001
-5.300000 -29.200001
-6.600000 -29.000000
-5.300000 -29.000000
-6.300000 -29.300001
-6.200000 -29.300001
-6.200000 -29.200001
-6.300000 -29.200001
-5.700000 -29.300001
-5.600000 -29.300001
-5.600000 -29.200001
-5.700000 -29.200001
3.100000 -6.900000
3.000000 -6.800000
2.900000 -7.100000
2.800000 -6.990002
2.990000 -6.800003
1.010000 -4.100000
1.010000 -5.009998
0.100000 -5.009998
1.000000 -4.100000
0.100000 -5.000000
1.000000 -4.900000
-5.099998 -22.000000
-5.009998 -22.000000
-5.009998 -21.900000
-5.099998 -21.900000
-5.109996 -22.000000
-5.109996 -21.900000
-6.990002 -21.500000
-6.990002 -22.400000
-7.000000 -22.400000
-7.000000 -21.500000
-5.000000 -21.900000
-5.000000 -22.000000
-5.000000 -25.000000
-5.000000 -23.000002
-13.700000 -20.900000
-14.300000 -20.900000
-13.600000 -21.000000
-14.400000 -21.000000
-12.300000 -21.100000
-11.500000 -21.100000
-12.400001 -21.000000
-11.400001 -21.000000
-11.100000 -20.900000
-11.000000 -21.200001
-11.100000 -21.400000
-11.100000 -21.800001
-11.000000 -21.900000
-10.900000 -22.900000
-14.900001 -23.100000
-14.900001 -20.900000
-11.900001 -23.000000
-12.100000 -22.799999
-14.400000 -23.000000
-14.200000 -22.799999
-14.800000 -23.000000
-15.000000 -22.800001
-14.800000 -21.000000
-15.000000 -21.200001
-11.200000 -21.000000
-11.000000 -21.300001
-11.000001 -22.799999
-11.200001 -23.000000
-13.100000 -22.900002
-12.900001 -22.900002
-13.200000 -22.799999
-12.800000 -22.799999
-12.800000 -21.000000
-13.200000 -21.000000
-12.900001 -20.900000
-13.099999 -20.900000
-15.000000 -22.300001
-15.000000 -21.800001
-29.400000 -9.200000
-29.400000 -7.800000
-29.000000 -9.400001
-29.000000 -7.600000
-29.100000 -9.400001
-29.100000 -7.600000
-26.800001 -7.010000
-29.000000 -4.600000
-22.990000 -3.300000
-21.300001 -3.000000
-22.600000 -1.000000
-17.000000 -6.600000
-17.000000 -5.400000
-17.200001 -6.400000
-17.200001 -5.600000
-17.400000 -5.000000
-17.600000 -5.200000
-18.400000 -5.200000
-18.600000 -5.000000
-19.000000 -5.400000
-18.799999 -5.600000
-18.799999 -6.400000
-19.000000 -6.600000
-18.600000 -7.000000
-18.400002 -6.800000
-17.600000 -6.800000
-17.400002 -7.000000
-17.000000 -5.100000
-19.000000 -5.100000
-18.900000 -7.000000
-17.100000 -7.000000
-17.000000 -9.400000
-20.600000 -9.000000
-32.000000 -13.000000
WALLS 355
0 1 20 0.000000 0.900000 6 6 6 3 0 0.500000 0.500000
1 142 -1 0.000000 0.000000 1 6 1 20 262176 0.500000 0.500000
142 2 -1 0.000000 0.000000 1 7 1 20 0 0.500000 0.500000
2 3 1 0.000000 1.000000 7 7 7 1 0 0.500000 0.500000
3 143 -1 0.000000 0.000000 1 7 1 20 0 0.500000 0.500000
143 0 -1 0.000000 0.000000 1 6 1 20 262176 0.500000 0.500000
3 2 0 0.000000 1.000000 7 7 7 1 0 1.000000 1.000000
2 4 2 0.000000 1.000000 7 7 7 1 0 1.000000 1.000000
4 178 -1 0.000000 0.000000 7 7 7 20 0 0.500000 0.500000
178 177 -1 0.000000 0.000000 7 7 7 20 7340032 0.500000 0.500000
177 179 -1 0.000000 0.000000 7 5 7 20 7340032 0.500000 0.500000
179 8 -1 0.000000 0.000000 7 7 7 20 7340032 0.500000 0.500000
8 12 -1 0.000000 0.000000 7 7 7 20 0 0.500000 0.500000
12 13 -1 0.000000 0.000000 7 7 7 20 0 0.500000 0.500000
13 14 -1 0.000000 0.000000 7 7 7 20 0 0.500000 0.500000
14 11 3 0.000000 1.000000 7 7 7 1 0 0.500000 0.500000
11 5 -1 0.000000 0.000000 7 7 7 20 0 0.500000 0.500000
5 10 -1 0.000000 0.000000 7 7 7 20 0 0.500000 0.500000
10 186 -1 0.000000 0.000000 7 7 7 20 0 0.500000 0.500000
186 9 -1 0.000000 0.000000 7 7 7 20 6291456 0.500000 0.500000
9 187 -1 0.000000 0.000000 7 7 7 20 6291456 0.500000 0.500000
187 185 -1 0.000000 0.000000 7 7 7 20 6291456 0.500000 0.500000
185 3 -1 0.000000 0.000000 7 7 7 20 0 0.500000 0.500000
180 181 26 0.000000 1.000000 1 1 1 1 0 1.000000 1.000000
181 182 26 0.000000 1.000000 1 1 1 1 0 1.000000 1.000000
182 183 26 0.000000 1.000000 1 1 1 1 0 1.000000 1.000000
183 184 26 0.000000 1.000000 1 1 1 1 0 1.000000 1.000000
184 180 26 0.000000 1.000000 1 1 1 1 0 1.000000 1.000000
4 2 1 0.000000 1.000000 7 7 7 1 0 1.000000 1.000000
2 6 -1 0.000000 0.000000 7 7 7 20 0 0.500000 0.500000
6 7 -1 0.000000 0.000000 7 7 7 20 0 0.500000 0.500000
7 4 -1 0.000000 0.000000 7 7 7 20 0 0.500000 0.500000
11 14 1 0.000000 1.000000 7 7 7 1 0 1.000000 1.000000
14 15 -1 0.000000 0.000000 7 7 7 20 0 0.500000 0.500000
15 17 -1 0.000000 0.000000 7 7 7 20 0 0.500000 0.500000
17 21 -1 0.000000 0.000000 7 7 7 20 0 0.500000 0.500000
21 23 -1 0.000000 0.000000 7 7 7 20 0 0.500000 0.500000
23 24 -1 0.000000 0.000000 7 7 7 20 0 0.500000 0.500000
24 19 -1 0.000000 0.000000 7 7 7 20 0 0.500000 0.500000
19 25 4 0.000000 1.000000 7 7 7 1 0 1.000000 1.000000
25 20 -1 0.000000 0.000000 7 7 7 20 0 0.500000 0.500000
20 22 -1 0.000000 0.000000 7 7 7 20 0 0.500000 0.500000
22 16 -1 0.000000 0.000000 7 7 7 20 0 0.500000 0.500000
16 18 -1 0.000000 0.000000 7 7 7 20 0 0.500000 0.500000
18 11 -1 0.000000 0.000000 7 7 7 20 0 0.500000 0.500000
25 19 3 0.000000 1.000000 7 7 7 1 0 1.000000 1.000000
19 26 -1 0.000000 0.000000 7 7 7 20 0 0.500000 0.500000
26 47 -1 0.000000 0.000000 7 7 7 20 0 0.500000 0.500000
47 48 5 0.000000 1.000000 7 7 7 1 0 0.500000 0.500000
48 271 -1 0.000000 0.000000 7 7 7 20 0 0.500000 0.500000
271 49 -1 0.000000 0.000000 7 7 7 20 0 0.500000 0.500000
49 272 -1 0.000000 0.000000 7 7 7 20 0 0.500000 0.500000
272 28 -1 0.000000 0.000000 7 7 7 20 0 0.500000 0.500000
28 33 -1 0.000000 0.000000 7 7 7 20 0 0.500000 0.500000
33 249 -1 0.000000 0.000000 7 7 7 20 0 0.500000 0.500000
249 34 -1 0.000000 0.000000 7 7 7 20 0 0.500000 0.500000
34 248 -1 0.000000 0.000000 7 7 7 20 0 0.500000 0.500000
248 36 -1 0.000000 0.000000 7 7 7 20 0 0.500000 0.500000
36 246 -1 0.000000 0.000000 7 7 7 20 0 0.500000 0.500000
246 37 -1 0.000000 0.000000 7 7 7 20 0 0.500000 0.500000
37 50 -1 0.000000 0.000000 7 7 7 20 0 0.500000 0.500000
50 42 5 0.000000 1.000000 7 7 7 1 0 0.500000 0.500000
42 59 -1 0.000000 0.000000 7 7 7 20 0 0.500000 0.500000
59 60 6 0.000000 1.000000 7 7 7 1 0 0.500000 0.500000
60 273 -1 0.000000 0.000000 7 7 7 20 0 0.500000 0.500000
273 41 -1 0.000000 0.000000 7 7 7 20 0 0.500000 0.500000
41 40 -1 0.000000 0.000000 7 7 7 20 0 0.500000 0.500000
40 39 -1 0.000000 0.000000 7 7 7 20 0 0.500000 0.500000
39 247 -1 0.000000 0.000000 7 7 7 20 0 0.500000 0.500000
247 35 -1 0.000000 0.000000 7 7 7 20 0 0.500000 0.500000
35 38 -1 0.000000 0.000000 7 7 7 20 0 0.500000 0.500000
38 27 -1 0.000000 0.000000 7 7 7 20 0 0.500000 0.500000
27 250 -1 0.000000 0.000000 7 7 7 20 0 0.500000 0.500000
250 25 -1 0.000000 0.000000 7 7 7 20 0 0.500000 0.500000
29 269 -1 0.000000 0.000000 7 6 7 20 262176 0.500000 0.500000
269 263 -1 0.000000 0.000000 7 6 7 20 262176 0.500000 0.500000
263 264 -1 0.000000 0.000000 7 6 7 20 262176 0.500000 0.500000
264 265 -1 0.000000 0.000000 7 7 7 20 0 0.500000 0.500000
265 266 -1 0.000000 0.000000 7 6 7 20 262176 0.500000 0.500000
266 270 -1 0.000000 0.000000 7 6 7 20 262176 0.500000 0.500000
270 30 -1 0.000000 0.000000 7 6 7 20 262176 0.500000 0.500000
30 251 -1 0.000000 0.000000 7 6 7 20 262176 0.500000 0.500000
251 253 -1 0.000000 0.000000 7 6 7 20 262176 0.500000 0.500000
253 254 -1 0.000000 0.000000 7 7 7 20 0 0.500000 0.500000
254 252 -1 0.000000 0.000000 7 6 7 20 262176 0.500000 0.500000
252 267 -1 0.000000 0.000000 7 6 7 20 262176 0.500000 0.500000
267 31 -1 0.000000 0.000000 7 6 7 20 262176 0.500000 0.500000
31 255 -1 0.000000 0.000000 7 6 7 20 262176 0.500000 0.500000
255 256 -1 0.000000 0.000000 7 6 7 20 262176 0.500000 0.500000
256 257 -1 0.000000 0.000000 7 7 7 20 0 0.500000 0.500000
257 258 -1 0.000000 0.000000 7 6 7 20 262176 0.500000 0.500000
258 32 -1 0.000000 0.000000 7 6 7 20 262176 0.500000 0.500000
32 268 -1 0.000000 0.000000 7 6 7 20 262176 0.500000 0.500000
268 259 -1 0.000000 0.000000 7 6 7 20 262176 0.500000 0.500000
259 260 -1 0.000000 0.000000 7 6 7 20 262176 0.500000 0.500000
260 261 -1 0.000000 0.000000 7 7 7 20 0 0.500000 0.500000
261 262 -1 0.000000 0.000000 7 6 7 20 262176 0.500000 0.500000
262 29 -1 0.000000 0.000000 7 6 7 20 262176 0.500000 0.500000
43 44 -1 0.000000 0.000000 7 6 7 20 262176 1.000000 1.000000
44 147 -1 0.000000 0.000000 7 6 7 20 262176 1.000000 1.000000
147 242 -1 0.000000 0.000000 7 6 7 20 262176 1.000000 1.000000
242 243 30 0.300000 0.700000 6 6 6 11 262176 1.000000 1.000000
243 148 -1 0.000000 0.000000 7 6 7 20 262176 1.000000 1.000000
148 45 -1 0.000000 0.000000 7 6 7 20 262176 1.000000 1.000000
45 149 -1 0.000000 0.000000 7 6 7 20 262176 1.000000 1.000000
149 46 -1 0.000000 0.000000 7 6 7 20 262176 1.000000 1.000000
46 150 -1 0.000000 0.000000 7 6 7 20 262176 1.000000 1.000000
150 43 -1 0.000000 0.000000 7 6 7 20 262176 1.000000 1.000000
144 36 21 0.000000 1.000000 7 7 7 1 0 1.000000 1.000000
36 145 21 0.000000 1.000000 7 7 7 1 0 1.000000 1.000000
145 146 21 0.000000 1.000000 7 7 7 1 0 1.000000 1.000000
146 144 21 0.000000 1.000000 7 7 7 1 0 1.000000 1.000000
42 50 4 0.000000 1.000000 7 7 7 1 0 1.000000 1.000000
50 48 -1 0.000000 0.000000 7 7 7 20 0 0.500000 0.500000
48 47 4 0.000000 1.000000 7 7 7 1 0 0.500000 0.500000
47 51 9 0.000000 1.000000 7 7 7 1 0 0.500000 0.500000
51 55 -1 0.000000 0.000000 7 7 7 20 0 0.500000 0.500000
55 54 -1 0.000000 0.000000 7 7 7 20 0 0.500000 0.500000
54 53 -1 0.000000 0.000000 7 7 7 20 0 0.500000 0.500000
53 52 -1 0.000000 0.000000 7 7 7 20 0 0.500000 0.500000
52 56 -1 0.000000 0.000000 7 7 7 20 0 0.500000 0.500000
56 63 -1 0.000000 0.000000 7 7 7 20 0 0.500000 0.500000
63 57 7 0.000000 1.000000 7 7 7 1 0 0.500000 0.500000
57 58 -1 0.000000 0.000000 7 7 7 20 0 0.500000 0.500000
58 42 -1 0.000000 0.000000 7 7 7 20 0 0.500000 0.500000
60 59 4 0.000000 1.000000 7 7 7 1 0 1.000000 1.000000
59 61 -1 0.000000 0.000000 7 7 7 20 0 0.500000 0.500000
61 79 -1 0.000000 0.000000 7 7 7 20 0 0.500000 0.500000
79 80 -1 0.000000 0.000000 7 7 7 20 0 0.500000 0.500000
80 81 -1 0.000000 0.000000 7 7 7 20 0 0.500000 0.500000
81 78 -1 0.000000 0.000000 7 7 7 20 0 0.500000 0.500000
78 62 -1 0.000000 0.000000 7 7 7 20 0 0.500000 0.500000
62 60 -1 0.000000 0.000000 7 7 7 20 0 0.500000 0.500000
82 83 -1 0.000000 0.000000 7 7 7 20 0 0.500000 0.500000
83 84 -1 0.000000 0.000000 7 7 7 20 0 0.500000 0.500000
84 85 -1 0.000000 0.000000 7 7 7 20 0 0.500000 0.500000
85 82 -1 0.000000 0.000000 7 7 7 20 0 0.500000 0.500000
57 63 5 0.000000 1.000000 7 7 7 1 0 1.000000 1.000000
63 64 -1 0.000000 0.000000 7 7 7 20 0 0.500000 0.500000
64 68 -1 0.000000 0.000000 7 7 7 20 0 0.500000 0.500000
68 67 -1 0.000000 0.000000 7 7 7 20 0 0.500000 0.500000
67 70 -1 0.000000 0.000000 7 7 7 20 0 0.500000 0.500000
70 71 -1 0.000000 0.000000 7 7 7 20 0 0.500000 0.500000
71 73 -1 0.000000 0.000000 7 7 7 20 0 0.500000 0.500000
73 75 -1 0.000000 0.000000 7 7 7 20 0 0.500000 0.500000
75 74 8 0.000000 1.000000 7 7 7 1 0 1.000000 1.000000
74 69 -1 0.000000 0.000000 7 7 7 20 0 0.500000 0.500000
69 65 -1 0.000000 0.000000 7 7 7 20 0 0.500000 0.500000
65 72 -1 0.000000 0.000000 7 7 7 20 0 0.500000 0.500000
72 66 -1 0.000000 0.000000 7 7 7 20 0 0.500000 0.500000
66 57 -1 0.000000 0.000000 7 7 7 20 0 0.500000 0.500000
74 75 7 0.000000 1.000000 7 7 7 1 0 1.000000 1.000000
75 86 -1 0.000000 0.000000 7 7 7 20 0 0.500000 0.500000
86 95 -1 0.000000 0.000000 7 7 7 20 0 0.500000 0.500000
95 94 9 0.000000 1.000000 7 7 7 1 0 0.500000 0.500000
94 76 -1 0.000000 0.000000 7 7 7 20 0 0.500000 0.500000
76 77 -1 0.000000 0.000000 7 7 7 20 0 0.500000 0.500000
77 87 -1 0.000000 0.000000 7 7 7 20 0 0.500000 0.500000
87 74 -1 0.000000 0.000000 7 7 7 20 0 0.500000 0.500000
88 216 -1 0.000000 0.000000 7 6 7 20 262176 0.500000 0.500000
216 222 -1 0.000000 0.000000 7 6 7 20 262176 0.500000 0.500000
222 220 -1 0.000000 0.000000 7 7 7 20 0 0.500000 0.500000
220 221 -1 0.000000 0.000000 7 7 7 20 0 0.500000 0.500000
221 232 -1 0.000000 0.000000 7 7 7 20 0 0.500000 0.500000
232 230 -1 0.000000 0.000000 7 6 7 20 262176 0.500000 0.500000
230 231 -1 0.000000 0.000000 7 6 7 20 262176 0.500000 0.500000
231 233 -1 0.000000 0.000000 7 6 7 20 262176 0.500000 0.500000
233 219 -1 0.000000 0.000000 7 7 7 20 0 0.500000 0.500000
219 218 -1 0.000000 0.000000 7 7 7 20 0 0.500000 0.500000
218 229 -1 0.000000 0.000000 7 7 7 20 0 0.500000 0.500000
229 89 -1 0.000000 0.000000 7 6 7 20 262176 0.500000 0.500000
89 215 -1 0.000000 0.000000 7 6 7 20 262176 0.500000 0.500000
215 228 -1 0.000000 0.000000 7 6 7 20 262176 0.500000 0.500000
228 214 -1 0.000000 0.000000 7 7 7 20 0 0.500000 0.500000
214 213 -1 0.000000 0.000000 7 7 7 20 0 0.500000 0.500000
213 212 -1 0.000000 0.000000 7 7 7 20 0 0.500000 0.500000
212 227 -1 0.000000 0.000000 7 7 7 20 0 0.500000 0.500000
227 211 -1 0.000000 0.000000 7 7 7 20 0 0.500000 0.500000
211 90 -1 0.000000 0.000000 7 6 7 20 262176 0.500000 0.500000
90 210 -1 0.000000 0.000000 7 6 7 20 262176 0.500000 0.500000
210 226 -1 0.000000 0.000000 7 6 7 20 262176 0.500000 0.500000
226 209 -1 0.000000 0.000000 7 7 7 20 0 0.500000 0.500000
209 207 -1 0.000000 0.000000 7 7 7 20 0 0.500000 0.500000
207 206 -1 0.000000 0.000000 7 7 7 20 0 0.500000 0.500000
206 208 -1 0.000000 0.000000 7 7 7 20 0 0.500000 0.500000
208 234 -1 0.000000 0.000000 7 7 7 20 0 0.500000 0.500000
234 236 -1 0.000000 0.000000 7 6 7 20 262176 0.500000 0.500000
236 237 -1 0.000000 0.000000 7 6 7 20 262176 0.500000 0.500000
237 235 -1 0.000000 0.000000 7 6 7 20 262176 0.500000 0.500000
235 204 -1 0.000000 0.000000 7 7 7 20 0 0.500000 0.500000
204 202 -1 0.000000 0.000000 7 7 7 20 0 0.500000 0.500000
202 203 -1 0.000000 0.000000 7 9 7 20 15 1.000000 1.000000
203 205 -1 0.000000 0.000000 7 7 7 20 0 0.500000 0.500000
205 224 -1 0.000000 0.000000 7 7 7 20 0 0.500000 0.500000
224 217 -1 0.000000 0.000000 7 6 7 20 262176 0.500000 0.500000
217 91 -1 0.000000 0.000000 7 6 7 20 262176 0.500000 0.500000
91 225 -1 0.000000 0.000000 7 6 7 20 262176 0.500000 0.500000
225 239 -1 0.000000 0.000000 7 7 7 20 0 0.500000 0.500000
239 238 -1 0.000000 0.000000 7 7 7 20 0 0.500000 0.500000
238 223 -1 0.000000 0.000000 7 7 7 20 0 0.500000 0.500000
223 88 -1 0.000000 0.000000 7 6 7 20 262176 0.500000 0.500000
51 47 5 0.000000 1.000000 7 7 7 1 0 1.000000 1.000000
47 92 -1 0.000000 0.000000 7 7 7 20 0 0.500000 0.500000
92 96 10 0.000000 1.000000 7 7 7 1 0 0.500000 0.500000
96 94 -1 0.000000 0.000000 7 7 7 20 0 0.500000 0.500000
94 95 8 0.000000 1.000000 7 7 7 1 0 0.500000 0.500000
95 93 -1 0.000000 0.000000 7 7 7 20 0 0.500000 0.500000
93 51 -1 0.000000 0.000000 7 7 7 20 0 0.500000 0.500000
96 92 9 0.000000 1.000000 7 7 7 1 0 1.000000 1.000000
92 97 -1 0.000000 0.000000 7 7 7 20 0 0.500000 0.500000
97 100 -1 0.000000 0.000000 7 7 7 20 0 0.500000 0.500000
100 101 -1 0.000000 0.000000 7 7 7 20 0 0.500000 0.500000
101 103 11 0.000000 1.000000 7 7 7 1 0 0.500000 0.500000
103 76 -1 0.000000 0.000000 7 7 7 20 0 0.500000 0.500000
76 102 -1 0.000000 0.000000 7 7 7 20 0 0.500000 0.500000
102 99 -1 0.000000 0.000000 7 7 7 20 0 0.500000 0.500000
99 98 -1 0.000000 0.000000 7 7 7 20 0 0.500000 0.500000
98 96 -1 0.000000 0.000000 7 7 7 20 0 0.500000 0.500000
103 101 10 0.000000 1.000000 7 7 7 1 0 1.000000 1.000000
101 198 -1 0.000000 0.000000 7 7 7 20 0 0.500000 0.500000
198 199 -1 0.000000 0.000000 7 7 7 20 5242880 0.500000 0.500000
199 201 -1 0.000000 0.000000 7 7 7 20 0 0.500000 0.500000
201 117 -1 0.000000 0.000000 7 7 7 20 0 0.500000 0.500000
117 116 12 0.000000 1.000000 7 7 7 1 0 0.500000 0.500000
116 200 -1 0.000000 0.000000 7 7 7 20 0 0.500000 0.500000
200 106 -1 0.000000 0.000000 7 7 7 20 0 0.500000 0.500000
106 107 -1 0.000000 0.000000 7 7 7 20 0 0.500000 0.500000
107 110 -1 0.000000 0.000000 7 7 7 20 0 0.500000 0.500000
110 115 -1 0.000000 0.000000 7 7 7 20 0 0.500000 0.500000
115 114 -1 0.000000 0.000000 7 7 7 20 0 0.500000 0.500000
114 112 -1 0.000000 0.000000 7 7 7 20 0 0.500000 0.500000
112 113 -1 0.000000 0.000000 7 7 7 20 0 0.500000 0.500000
113 109 -1 0.000000 0.000000 7 7 7 20 0 0.500000 0.500000
109 111 -1 0.000000 0.000000 7 7 7 20 0 0.500000 0.500000
111 108 -1 0.000000 0.000000 7 7 7 20 0 0.500000 0.500000
108 104 -1 0.000000 0.000000 7 7 7 20 0 0.500000 0.500000
104 155 -1 0.000000 0.000000 7 7 7 20 0 0.500000 0.500000
155 158 -1 0.000000 0.000000 7 6 7 20 262176 0.500000 0.500000
158 157 -1 0.000000 0.000000 7 6 7 20 262176 0.500000 0.500000
157 168 -1 0.000000 0.000000 7 6 7 20 262176 0.500000 0.500000
168 151 -1 0.000000 0.000000 7 6 7 20 4456480 0.500000 0.500000
151 152 22 0.235000 0.729999 7 7 7 11 4 0.500000 0.500000
152 167 -1 0.000000 0.000000 7 6 7 20 4456480 0.500000 0.500000
167 159 -1 0.000000 0.000000 7 6 7 20 262176 0.500000 0.500000
159 160 -1 0.000000 0.000000 7 6 7 20 262176 0.500000 0.500000
160 156 -1 0.000000 0.000000 7 6 7 20 262176 0.500000 0.500000
156 105 -1 0.000000 0.000000 7 7 7 20 0 0.500000 0.500000
105 196 -1 0.000000 0.000000 7 7 7 20 0 0.500000 0.500000
196 197 -1 0.000000 0.000000 7 7 7 20 4194304 0.500000 0.500000
197 103 -1 0.000000 0.000000 7 7 7 20 0 0.500000 0.500000
161 162 23 0.200000 1.000000 1 1 1 9 0 1.000000 1.000000
162 163 23 0.200000 1.000000 6 6 6 9 0 1.000000 1.000000
163 164 23 0.200000 1.000000 6 6 6 9 0 1.000000 1.000000
164 161 23 0.200000 1.000000 6 6 6 9 0 1.000000 1.000000
188 189 27 0.200000 1.000000 1 1 1 9 0 1.000000 1.000000
189 190 27 0.200000 1.000000 1 1 1 9 0 1.000000 1.000000
190 191 27 0.200000 1.000000 1 1 1 9 0 1.000000 1.000000
191 188 27 0.200000 1.000000 1 1 1 9 0 1.000000 1.000000
192 193 28 0.000000 1.000000 1 1 1 1 0 1.000000 1.000000
193 194 28 0.000000 1.000000 1 1 1 1 0 1.000000 1.000000
194 195 28 0.000000 1.000000 1 1 1 1 0 1.000000 1.000000
195 192 28 0.000000 1.000000 1 1 1 1 0 1.000000 1.000000
117 118 -1 0.000000 0.000000 7 7 7 20 4 0.500000 0.500000
118 119 13 -0.200000 1.000000 7 7 7 1 0 1.000000 1.000000
119 116 -1 0.000000 0.000000 7 7 7 20 4 0.500000 0.500000
116 117 11 0.000000 1.000000 7 7 7 9 0 1.000000 1.000000
118 120 -1 0.000000 0.000000 7 7 7 20 4 0.500000 0.500000
120 121 14 -0.400000 1.000000 7 7 7 1 0 1.000000 1.000000
121 119 -1 0.000000 0.000000 7 7 7 20 4 0.500000 0.500000
119 118 12 -0.200000 1.000000 6 6 6 9 0 1.000000 1.000000
120 122 -1 0.000000 0.000000 7 7 7 20 4 0.500000 0.500000
122 123 15 -0.600000 1.000000 7 7 7 1 0 1.000000 1.000000
123 121 -1 0.000000 0.000000 7 7 7 20 4 0.500000 0.500000
121 120 13 -0.400000 1.000000 6 6 6 9 0 1.000000 1.000000
122 124 -1 0.000000 0.000000 7 7 7 20 4 0.500000 0.500000
124 125 16 -0.800000 1.000000 7 7 7 1 0 1.000000 1.000000
125 123 -1 0.000000 0.000000 7 7 7 20 4 0.500000 0.500000
123 122 14 -0.600000 1.000000 6 6 6 9 0 1.000000 1.000000
124 126 -1 0.000000 0.000000 7 7 7 20 4 0.500000 0.500000
126 127 17 -1.000000 0.500000 7 7 7 3 4 0.500000 0.500000
127 125 -1 0.000000 0.000000 7 7 7 20 4 0.500000 0.500000
125 124 15 -0.800000 1.000000 6 6 6 9 0 1.000000 1.000000
126 128 -1 0.000000 0.000000 7 7 7 20 8 0.500000 0.500000
128 129 18 -1.200000 -0.200000 7 7 7 3 4 0.500000 0.500000
129 127 -1 0.000000 0.000000 7 7 7 20 8 0.500000 0.500000
127 126 16 -1.000000 0.500000 6 6 6 9 0 1.000000 1.000000
128 130 -1 0.000000 0.000000 7 7 7 20 0 0.500000 0.500000
130 131 -1 0.000000 0.000000 7 7 7 20 0 0.500000 0.500000
131 129 -1 0.000000 0.000000 7 7 7 20 0 0.500000 0.500000
129 128 17 -1.200000 -0.200000 7 7 7 1 0 0.500000 0.500000
138 140 -1 0.000000 0.000000 7 6 7 20 262176 1.000000 1.000000
140 136 -1 0.000000 0.000000 7 7 7 20 2097160 0.500000 0.500000
136 132 -1 0.000000 0.000000 7 7 7 20 2097160 0.500000 0.500000
132 133 -1 0.000000 0.000000 7 7 7 20 2097160 0.500000 0.500000
133 134 -1 0.000000 0.000000 7 7 7 20 2097160 0.500000 0.500000
134 135 -1 0.000000 0.000000 7 7 7 20 2097160 0.500000 0.500000
135 137 -1 0.000000 0.000000 7 7 7 20 2097160 0.500000 0.500000
137 141 -1 0.000000 0.000000 7 7 7 20 2097160 0.500000 0.500000
141 139 -1 0.000000 0.000000 7 6 7 20 262176 1.000000 1.000000
139 138 20 0.000000 0.900000 6 6 6 3 0 1.000000 1.000000
139 1 -1 0.000000 0.000000 7 6 7 20 262176 1.000000 1.000000
1 0 0 0.000000 0.900000 6 6 6 1 0 1.000000 1.000000
0 138 -1 0.000000 0.000000 7 6 7 20 262176 1.000000 1.000000
138 139 19 0.000000 0.900000 6 6 6 1 0 1.000000 1.000000
144 146 4 0.000000 1.000000 7 7 7 1 0 1.000000 1.000000
146 145 4 0.000000 1.000000 7 7 7 1 0 1.000000 1.000000
145 36 4 0.000000 1.000000 7 7 7 1 0 1.000000 1.000000
36 144 4 0.000000 1.000000 7 7 7 1 0 1.000000 1.000000
152 151 11 0.235000 0.729999 1 1 1 1 0 1.000000 1.000000
151 166 -1 0.000000 0.000000 7 6 7 20 6553632 0.500000 0.500000
166 153 -1 0.000000 0.000000 7 1 7 20 6291464 0.500000 0.500000
153 154 -1 0.000000 0.000000 7 1 7 20 6291464 0.500000 0.500000
154 165 -1 0.000000 0.000000 7 1 7 20 6291464 0.500000 0.500000
165 152 -1 0.000000 0.000000 7 6 7 20 6553632 0.500000 0.500000
169 170 24 0.335000 0.729999 6 6 6 9 6553632 1.000000 1.000000
170 171 24 0.335000 0.729999 6 6 6 9 6553632 1.000000 1.000000
171 172 24 0.335000 0.729999 6 6 6 9 6553632 1.000000 1.000000
172 169 24 0.335000 0.729999 6 6 6 9 6553632 1.000000 1.000000
173 174 25 0.335000 0.729999 6 6 6 9 6553632 1.000000 1.000000
174 175 25 0.335000 0.729999 6 6 6 9 262176 1.000000 1.000000
175 176 25 0.335000 0.729999 6 6 6 9 6553632 1.000000 1.000000
176 173 25 0.335000 0.729999 6 6 6 9 6553632 1.000000 1.000000
161 164 11 0.200000 1.000000 1 1 1 1 0 1.000000 1.000000
164 163 11 0.200000 1.000000 1 1 1 1 0 1.000000 1.000000
163 162 11 0.200000 1.000000 1 1 1 1 0 1.000000 1.000000
162 161 11 0.200000 1.000000 1 1 1 1 0 1.000000 1.000000
169 172 22 0.335000 0.729999 1 1 1 3 0 1.000000 1.000000
172 171 22 0.335000 0.729999 1 1 1 3 0 1.000000 1.000000
171 170 22 0.335000 0.729999 1 1 1 3 0 1.000000 1.000000
170 169 22 0.335000 0.729999 1 1 1 3 0 1.000000 1.000000
173 176 22 0.335000 0.729999 1 1 1 3 0 1.000000 1.000000
176 175 22 0.335000 0.729999 1 1 1 3 0 1.000000 1.000000
175 174 22 0.335000 0.729999 1 1 1 3 6291456 1.000000 1.000000
174 173 22 0.335000 0.729999 1 1 1 3 0 1.000000 1.000000
180 184 1 0.000000 1.000000 1 1 1 1 0 1.000000 1.000000
184 183 1 0.000000 1.000000 1 1 1 1 0 1.000000 1.000000
183 182 1 0.000000 1.000000 1 1 1 1 0 1.000000 1.000000
182 181 1 0.000000 1.000000 1 1 1 1 0 1.000000 1.000000
181 180 1 0.000000 1.000000 1 1 1 1 0 1.000000 1.000000
188 191 11 0.200000 1.000000 1 1 1 1 0 1.000000 1.000000
191 190 11 0.200000 1.000000 1 1 1 1 0 1.000000 1.000000
190 189 11 0.200000 1.000000 1 1 1 1 0 1.000000 1.000000
189 188 11 0.200000 1.000000 1 1 1 1 0 1.000000 1.000000
192 195 11 0.000000 1.000000 1 1 1 1 0 1.000000 1.000000
195 194 11 0.000000 1.000000 1 1 1 1 0 1.000000 1.000000
194 193 11 0.000000 1.000000 1 1 1 1 0 1.000000 1.000000
193 192 11 0.000000 1.000000 1 1 1 1 0 1.000000 1.000000
244 240 -1 0.000000 0.000000 1 6 1 20 4194304 1.000000 1.000000
240 241 -1 0.000000 0.000000 1 6 1 20 4194304 1.000000 1.000000
241 245 -1 0.000000 0.000000 1 6 1 20 4194304 1.000000 1.000000
245 244 30 0.300000 0.700000 1 1 1 9 0 1.000000 1.000000
245 243 -1 0.000000 0.000000 1 6 1 20 4194304 1.000000 1.000000
243 242 4 0.300000 0.700000 1 1 1 1 0 1.000000 1.000000
242 244 -1 0.000000 0.000000 1 6 1 20 4194304 1.000000 1.000000
244 245 29 0.300000 0.700000 1 1 1 1 0 1.000000 1.000000
SECTORS 31
0 6 6 0.000000 1.000000 8 1 0 0.700000 0.700000 0.000000 0.500000 0.500000 0.000000
6 22 22 0.000000 1.000000 8 1 0 0.700000 0.700000 0.000000 0.500000 0.500000 0.000000
28 4 4 0.000000 1.000000 8 1 0 0.700000 0.700000 0.000000 0.500000 0.500000 0.000000
32 13 13 0.000000 1.000000 8 1 0 0.700000 0.700000 0.000000 0.500000 0.500000 0.000000
45 67 67 0.000000 1.000000 8 1 0 0.700000 0.700000 0.000000 0.500000 0.500000 0.000000
112 13 13 0.000000 1.000000 8 1 0 0.700000 0.700000 0.000000 0.500000 0.500000 0.000000
125 12 12 0.000000 1.000000 8 1 0 0.700000 0.700000 0.000000 0.500000 0.500000 0.000000
137 14 14 0.000000 1.000000 8 1 0 0.700000 0.700000 0.000000 0.500000 0.500000 0.000000
151 50 50 0.000000 1.000000 8 1 0 0.700000 0.700000 0.000000 0.500000 0.500000 0.000000
201 7 7 0.000000 1.000000 8 1 0 0.700000 0.700000 0.000000 0.500000 0.500000 0.000000
208 10 10 0.000000 1.000000 8 1 0 0.700000 0.700000 0.000000 0.500000 0.500000 0.000000
218 44 44 0.000000 1.000000 8 1 0 0.700000 0.700000 0.000000 0.500000 0.500000 0.000000
262 4 4 -0.200000 1.000000 6 1 0 1.000000 1.000000 1.570796 0.500000 0.500000 0.000000
266 4 4 -0.400000 1.000000 6 1 0 1.000000 1.000000 1.570796 0.500000 0.500000 0.000000
270 4 4 -0.600000 1.000000 6 1 0 1.000000 1.000000 1.570796 0.500000 0.500000 0.000000
274 4 4 -0.800000 1.000000 6 1 0 1.000000 1.000000 1.570796 0.500000 0.500000 0.000000
278 4 4 -1.000000 1.000000 6 1 0 1.000000 1.000000 1.570796 0.500000 0.500000 0.000000
282 4 4 -1.200000 0.500000 8 1 0 1.000000 1.000000 0.000000 0.500000 0.500000 0.000000
286 4 4 -1.200000 -0.200000 8 1 0 0.700000 0.700000 0.000000 0.500000 0.500000 0.000000
290 10 10 0.000000 1.500000 8 255 3 0.700000 0.700000 0.000000 0.500000 0.500000 0.000000
300 4 4 0.000000 0.900000 2 6 0 0.500000 0.500000 0.000000 0.500000 0.500000 0.000000
304 4 4 0.000000 1.000000 4 1 7 0.700000 0.700000 0.000000 0.500000 0.500000 0.000000
308 14 14 0.235000 0.729999 7 7 6 1.000000 1.000000 0.000000 1.000000 1.000000 0.000000
322 4 4 0.200000 1.000000 6 1 4 0.700000 0.700000 0.000000 0.500000 0.500000 0.000000
326 4 4 0.335000 0.730000 6 7 6 1.000000 1.000000 0.000000 1.000000 1.000000 0.000000
330 4 4 0.335000 0.730000 6 7 6 1.000000 1.000000 0.000000 1.000000 1.000000 0.000000
334 5 5 0.000000 1.000000 8 1 7 0.700000 0.700000 0.000000 0.500000 0.500000 0.000000
339 4 4 0.200000 1.000000 4 1 7 1.000000 1.000000 0.000000 1.000000 1.000000 0.000000
343 4 4 0.000000 1.000000 8 1 5 0.500000 0.500000 0.000000 1.000000 1.000000 0.000000
347 4 4 0.290000 0.700000 5 6 6 0.300000 0.300000 1.570796 1.000000 1.000000 1.570796
351 4 4 0.300000 0.700000 6 6 3 1.000000 1.000000 1.570796 1.000000 1.000000 1.570796
