MAPEDIT5
START -16.100000 -7.100000 5.032253 3
VERTS 513
-0.900000 -3.200000
0.900000 -3.200000
1.000000 -7.000000
-1.000000 -7.000000
1.000000 -9.000000
-5.000000 -3.000000
3.000000 -7.000000
3.000000 -9.000000
0.800000 -13.000000
-1.100000 -11.000000
-5.000000 -11.000000
-11.000000 -3.000000
-7.000000 -13.000000
-7.000000 -5.000000
-11.000000 -5.000000
-11.000000 -9.000000
-13.000000 -1.000000
-13.000000 -9.000000
-11.000000 -1.000000
-17.000000 -9.000000
-17.000000 -5.000000
-13.000000 -7.000000
-13.000000 -5.000000
-15.000000 -7.000000
-15.000000 -9.000000
-17.000000 -7.000000
-17.200001 -16.000000
-25.000000 -6.600000
-23.000000 -13.600000
-21.000000 -12.900000
-19.000000 -12.900000
-19.100000 -11.000000
-20.900000 -11.000000
-23.000000 -9.300000
-24.600000 -9.000000
-29.000000 -5.000000
-25.800001 -13.000000
-29.000000 -13.400001
-25.000000 -5.000000
-31.600000 -11.000000
-35.000000 -11.500000
-35.000000 -18.000000
-29.000000 -19.000000
-32.699997 -16.000000
-31.400002 -16.000000
-31.400002 -13.000000
-33.099998 -13.400000
-17.000000 -17.000000
-19.000000 -17.000000
-19.400002 -15.000000
-29.000000 -17.000000
-17.000000 -19.000000
-25.000000 -19.000000
-25.000000 -21.000000
-21.000000 -21.000000
-21.000000 -19.000000
-27.000000 -19.000000
-27.000000 -27.000000
-29.000000 -27.000000
-31.000000 -19.200001
-33.000000 -19.200001
-31.000000 -28.000000
-33.000000 -28.000000
-27.000000 -23.000000
-25.000000 -23.000000
-24.000000 -31.000000
-26.000000 -29.000000
-23.000000 -25.000000
-24.000000 -25.000000
-21.000000 -31.000000
-22.000000 -27.000000
-21.000000 -27.000000
-25.000000 -29.000000
-19.000000 -29.200001
-11.000000 -23.000000
-11.000000 -33.000000
-35.000000 -28.000000
-29.000000 -28.000000
-29.000000 -36.000000
-35.000000 -36.000000
-33.000000 -34.000000
-31.000000 -34.000000
-31.000000 -30.000000
-33.000000 -30.000000
-19.000000 -23.000000
-19.000000 -33.000000
-17.100000 -28.900000
-13.100000 -29.100000
-12.900000 -27.100000
-17.100000 -27.100000
-16.799999 -17.000000
-15.000000 -19.000000
-13.000000 -23.000000
-15.000000 -23.000000
-13.000000 -19.000000
-9.000000 -19.000000
-9.000000 -21.000000
-7.000000 -23.000000
-11.000000 -21.000000
-9.000000 -23.000000
-1.000000 -35.000000
-9.000000 -35.000000
-7.000000 -33.000000
-3.000000 -33.000000
-1.000000 -33.000000
1.000000 -31.009998
-3.000000 -27.000000
1.000000 -33.000000
-1.000000 -21.000000
-1.000000 -31.009998
-5.000000 -21.000000
-5.000000 -27.000000
-6.700000 -31.000000
-6.700000 -29.000000
-6.200000 -29.000000
-6.200000 -31.000000
-5.700000 -29.000000
-5.700000 -31.000000
-5.200000 -29.000000
-5.200000 -31.000000
-4.700000 -29.000000
-4.700000 -31.000000
-4.200000 -29.000000
-4.200000 -31.000000
-3.200000 -29.000000
-3.200000 -31.000000
1.000000 -29.000000
-2.000000 -1.000000
-2.000000 2.000000
2.000000 2.000000
2.000000 -1.000000
-1.000000 -2.600000
1.000000 -2.600000
-0.900000 -3.000000
0.900000 -3.000000
-1.000000 -3.000000
1.000000 -3.000000
1.000000 -3.200000
-1.000000 -3.200000
-31.000000 -15.600000
-31.000000 -13.400000
-32.599998 -13.000000
-33.099998 -15.600000
-7.300000 -35.099998
-8.600000 -35.099998
-7.600000 -35.500000
-8.300000 -35.500000
-7.000000 -35.000000
-8.900000 -35.000000
-7.200000 -34.900002
-7.100000 -34.900002
-8.700000 -34.900002
-8.800000 -34.900002
-8.400000 -35.090000
-7.500000 -35.090000
-7.700000 -34.900002
-8.200000 -34.900002
-8.600000 -35.200001
-7.300000 -35.200001
-8.600000 -35.000000
-7.300000 -35.000000
-8.300000 -35.300003
-8.200000 -35.300003
-8.200000 -35.200001
-8.300000 -35.200001
-7.700000 -35.300003
-7.600000 -35.300003
-7.600000 -35.200001
-7.700000 -35.200001
1.100000 -12.900000
1.000000 -12.800000
0.900000 -13.100000
-0.990000 -10.100000
-0.990000 -11.009998
-1.900000 -11.009998
-1.000000 -10.900000
-6.999998 -27.900000
-9.000002 -27.000000
-7.000000 -31.000000
-7.000000 -29.000002
-15.700000 -26.900000
-16.299999 -26.900000
-15.600000 -27.000000
-16.400000 -27.000000
-14.300000 -27.100000
-13.500000 -27.100000
-14.400001 -27.000000
-13.400001 -27.000000
-13.100000 -26.900000
-13.000000 -27.200001
-13.100000 -27.400000
-13.100000 -27.800001
-13.000000 -27.900000
-12.900000 -28.900000
-16.900002 -29.100000
-16.900002 -26.900000
-13.900001 -29.000000
-14.100000 -28.799999
-16.299999 -29.000000
-16.100000 -28.799999
-16.799999 -29.000000
-17.000000 -28.800001
-16.799999 -27.000000
-17.000000 -27.200001
-13.200000 -27.000000
-13.000000 -27.300001
-13.000001 -28.799999
-13.200001 -29.000000
-15.100000 -28.900002
-14.900001 -28.900002
-15.200000 -28.799999
-14.800000 -28.799999
-14.800000 -27.000000
-15.200000 -27.000000
-14.900001 -26.900000
-15.099999 -26.900000
-17.000000 -28.300001
-17.000000 -27.800001
-31.400000 -15.200000
-31.400000 -13.800000
-31.000000 -15.400001
-31.000000 -13.600000
-31.100000 -15.400001
-31.100000 -13.600000
-28.600000 -13.000000
-31.000000 -10.400001
-25.000000 -9.400001
-23.300001 -9.000000
-24.600000 -7.000000
-19.000000 -12.600000
-19.000000 -11.400000
-19.200001 -12.400000
-19.200001 -11.600000
-19.400000 -11.000000
-19.600000 -11.200000
-20.400000 -11.200000
-20.600000 -11.000000
-21.000000 -11.400000
-20.799999 -11.600000
-20.799999 -12.400000
-21.000000 -12.600000
-20.600000 -13.000000
-20.400002 -12.800000
-19.600000 -12.800000
-19.400002 -13.000000
-19.000000 -11.100000
-21.000000 -11.100000
-20.900000 -13.000000
-19.100000 -13.000000
-19.000000 -15.400000
-21.600000 -15.000000
-34.000000 -19.000000
-31.000000 -7.000000
-21.000000 -30.800001
-21.000000 -29.200001
-20.199999 -29.199999
-20.199999 -30.800001
-19.000000 -30.800001
-19.800001 -30.800001
-19.800001 -29.200001
-29.299999 -17.000002
-29.300001 -16.800001
-29.000002 -16.800001
-29.110001 -17.000000
-29.190001 -17.000000
-29.110001 -19.000000
-29.190001 -19.000000
-15.599999 -32.989986
-14.500000 -32.989986
-14.500000 -28.909998
-15.599999 -28.909998
-32.799999 -28.400002
-32.699997 -28.500002
-32.500000 -28.500002
-32.399998 -28.400002
-31.600000 -28.400002
-31.500002 -28.500002
-31.300001 -28.500002
-31.200001 -28.400002
-31.200001 -28.200003
-31.300001 -28.100002
-31.300001 -27.900000
-31.200001 -27.799999
-31.200001 -27.600000
-31.300001 -27.500000
-31.500002 -27.500000
-31.600000 -27.600000
-32.400002 -27.600000
-32.500000 -27.500000
-32.700001 -27.500000
-32.800003 -27.600000
-32.800003 -27.799999
-32.700001 -27.900000
-32.700001 -28.100000
-32.800003 -28.200001
-13.400002 -20.200001
-13.400002 -19.900002
-14.599998 -20.100000
-14.599998 -19.900002
-13.400002 -20.100000
-13.400002 -19.800001
-14.599999 -19.800001
-14.800001 -20.200001
-13.000000 -20.400000
-13.000000 -19.400000
-15.000000 -19.599998
-13.099999 -19.900002
-13.000000 -19.600002
-13.200000 -19.800001
-12.900000 -19.700001
-32.599998 -16.000000
-31.500000 -16.000000
-32.599998 -15.900001
-31.500002 -13.300000
-31.699999 -13.100000
-32.500000 -13.099999
-32.500000 -16.000000
-32.399998 -16.000000
-32.399998 -15.900002
-32.500000 -15.900002
-32.299999 -16.000000
-32.200001 -16.000000
-32.200001 -15.900002
-32.299999 -15.900002
-32.099998 -16.000000
-32.000000 -16.000000
-32.000000 -15.900002
-32.099998 -15.900002
-31.900002 -16.000000
-31.800001 -16.000000
-31.800001 -15.900002
-31.900002 -15.900002
-31.700001 -16.000000
-31.600000 -16.000000
-31.600000 -15.900002
-31.700001 -15.900002
-33.000000 -15.500000
-33.000000 -13.500000
-14.599999 -20.200001
-14.700001 -20.100000
-14.700001 -19.900000
-13.300000 -19.900000
-13.300000 -20.100000
-26.200001 -17.000000
-26.200001 -19.000000
-25.800001 -19.000000
-25.799999 -18.599998
-25.900000 -18.599998
-26.100000 -18.599998
-26.200001 -18.599998
-25.799999 -17.000000
-26.200001 -17.400000
-25.799999 -17.400002
-26.100000 -17.400000
-25.900000 -17.400000
-25.300001 -18.300001
-24.300001 -18.300001
-24.300001 -17.700001
-25.300001 -17.700001
-26.200001 -17.300001
-26.200001 -17.100000
-26.130001 -17.100000
-26.130001 -17.300001
-27.700001 -18.300001
-26.700001 -18.300001
-26.700001 -17.700001
-27.700001 -17.700001
-19.000000 -16.600002
-18.799999 -16.000000
-18.600000 -16.400002
-18.599998 -16.000000
-17.400000 -16.000000
-17.400002 -16.400002
-17.200003 -16.400000
-17.400000 -16.300001
-17.400000 -16.100000
-18.600000 -16.300001
-18.600000 -16.100000
-17.000000 -15.800000
-16.900000 -15.900001
-17.100000 -16.100000
-19.000000 -15.800000
-18.900002 -16.100000
-19.100000 -15.900001
-14.800000 -19.799999
-14.900000 -19.900000
-15.099999 -19.700001
-15.000000 -20.400000
-13.200001 -20.200001
-13.100000 -20.100000
-12.900001 -20.300001
-15.099999 -20.300001
-14.900000 -20.100000
-17.000000 -16.600000
-18.800001 -16.400000
-19.100000 -16.500000
-18.900000 -16.299999
-17.100000 -16.299999
-16.900002 -16.500000
-20.049999 -14.400001
-20.049999 -14.000000
-20.500000 -14.000000
-20.500000 -14.400001
-19.950001 -14.400001
-19.500000 -14.400001
-19.500000 -14.000001
-19.950001 -14.000001
-19.950001 -13.900001
-19.500000 -13.900001
-19.500000 -13.500001
-19.950001 -13.500001
-20.500000 -13.900001
-20.049999 -13.900001
-20.049999 -13.500001
-20.500000 -13.500001
-24.900002 -21.000000
-24.800001 -20.900000
-24.700001 -20.900000
-24.300001 -20.900000
-24.200001 -20.900000
-24.100000 -21.000000
-24.300001 -21.000000
-24.700001 -21.000000
-23.800001 -20.900000
-23.200001 -20.900000
-23.200001 -21.000000
-23.800001 -21.000000
-23.100000 -20.900000
-23.900000 -20.900000
-24.000000 -21.000000
-23.000000 -21.000000
-7.000000 -19.799999
-7.100000 -20.000002
-11.000000 -21.400000
-9.400000 -23.000002
-9.000000 -16.999998
-15.200001 -16.999998
-11.000003 -22.000000
-19.600000 -18.900000
-19.600000 -17.100000
-19.400000 -18.900000
-19.400000 -17.100000
-19.400000 -17.000000
-19.600000 -17.000000
-19.600000 -19.000000
-19.400000 -19.000000
-34.500000 -11.000000
-35.200001 -11.100000
-34.900002 -10.800001
-34.700001 -12.000000
-33.700001 -13.699999
-32.300003 -12.300001
-34.000000 -11.300000
-25.000000 -12.200000
-25.300001 -12.199999
-25.500000 -12.300000
-25.700001 -12.500000
-25.799999 -12.700001
-26.400000 -13.000000
-27.900002 -13.000000
-26.600000 -13.200000
-27.699999 -13.200000
-29.000000 -11.000000
-27.000000 -11.000000
-27.000000 -9.000000
-29.000000 -9.000000
-28.200001 -10.100000
-27.799999 -10.100000
-27.799999 -9.900001
-28.200001 -9.900001
-30.800001 -19.000000
-33.200001 -19.000000
-27.900000 -10.200001
-28.100000 -10.200001
-28.100000 -9.800000
-27.900000 -9.800000
-28.900000 -10.900001
-27.100000 -10.900001
-27.100000 -10.400001
-28.900000 -10.400001
-28.900000 -9.600000
-27.100000 -9.600000
-27.100000 -9.100000
-28.900000 -9.100000
-29.100000 -11.100000
-26.900000 -11.100000
-26.900000 -8.900001
-29.100000 -8.900001
-7.000000 -27.999998
-7.119998 -28.000000
-7.119998 -27.900000
-9.000000 -28.900000
-7.400000 -28.000000
-7.400000 -27.900000
-24.900000 -11.400001
-24.900000 -10.100000
-23.600000 -10.100000
-23.600000 -11.400001
-24.600000 -10.100000
-24.600000 -11.400001
-25.000000 -11.500000
-25.000000 -10.000000
-7.100000 -20.200001
-7.000000 -20.199999
-33.100002 -14.600000
-6.900000 -19.900000
-6.900000 -19.700001
-7.200000 -20.100000
-7.000000 -17.000000
-7.100000 -19.600000
-7.200000 -19.500000
-7.100000 -19.400002
-7.000000 -19.400002
WALLS 791
0 1 20 0.000000 0.900000 6 6 6 3 0 0.500000 0.500000
1 137 -1 0.000000 0.000000 1 6 1 20 262176 0.500000 0.500000
137 2 -1 0.000000 0.000000 1 7 1 20 0 0.500000 0.500000
2 3 1 0.000000 1.000000 7 7 7 1 0 0.500000 0.500000
3 138 -1 0.000000 0.000000 1 7 1 20 0 0.500000 0.500000
138 0 -1 0.000000 0.000000 1 6 1 20 262176 0.500000 0.500000
3 2 0 0.000000 1.000000 7 7 7 1 0 1.000000 1.000000
2 4 2 0.000000 1.000000 7 7 7 1 0 1.000000 1.000000
4 170 -1 0.000000 0.000000 7 7 7 20 0 0.500000 0.500000
170 169 -1 0.000000 0.000000 7 7 7 20 7340032 0.500000 0.500000
169 171 -1 0.000000 0.000000 7 5 7 20 7340032 0.500000 0.500000
171 8 -1 0.000000 0.000000 7 7 7 20 7340032 0.500000 0.500000
8 12 -1 0.000000 0.000000 7 7 7 20 0 0.500000 0.500000
12 13 -1 0.000000 0.000000 7 7 7 20 0 0.500000 0.500000
13 14 -1 0.000000 0.000000 7 7 7 20 0 0.500000 0.500000
14 11 3 0.000000 1.000000 7 7 7 1 0 0.500000 0.500000
11 5 -1 0.000000 0.000000 7 7 7 20 0 0.500000 0.500000
5 10 -1 0.000000 0.000000 7 7 7 20 0 0.500000 0.500000
10 174 -1 0.000000 0.000000 7 7 7 20 0 0.500000 0.500000
174 9 -1 0.000000 0.000000 7 7 7 20 6291456 0.500000 0.500000
9 175 -1 0.000000 0.000000 7 7 7 20 6291456 0.500000 0.500000
175 172 -1 0.000000 0.000000 7 7 7 20 6291456 0.500000 0.500000
172 3 -1 0.000000 0.000000 7 7 7 20 0 0.500000 0.500000
8 170 25 0.000000 1.000000 1 1 1 1 0 1.000000 1.000000
170 172 25 0.000000 1.000000 1 1 1 1 0 1.000000 1.000000
172 173 25 0.000000 1.000000 1 1 1 1 0 1.000000 1.000000
173 174 25 0.000000 1.000000 1 1 1 1 0 1.000000 1.000000
174 8 25 0.000000 1.000000 1 1 1 1 0 1.000000 1.000000
4 2 1 0.000000 1.000000 7 7 7 1 0 1.000000 1.000000
2 6 -1 0.000000 0.000000 7 7 7 20 0 0.500000 0.500000
6 7 -1 0.000000 0.000000 7 7 7 20 0 0.500000 0.500000
7 4 -1 0.000000 0.000000 7 7 7 20 0 0.500000 0.500000
11 14 1 0.000000 1.000000 7 7 7 9 0 1.000000 1.000000
14 15 -1 0.000000 0.000000 7 7 7 20 0 0.500000 0.500000
15 17 -1 0.000000 0.000000 7 7 7 20 0 0.500000 0.500000
17 21 -1 0.000000 0.000000 7 7 7 20 0 0.500000 0.500000
21 23 -1 0.000000 0.000000 7 7 7 20 0 0.500000 0.500000
23 24 -1 0.000000 0.000000 7 7 7 20 0 0.500000 0.500000
24 19 -1 0.000000 0.000000 7 7 7 20 0 0.500000 0.500000
19 25 4 0.000000 1.000000 7 7 7 9 0 1.000000 1.000000
25 20 -1 0.000000 0.000000 7 7 7 20 0 0.500000 0.500000
20 22 -1 0.000000 0.000000 7 7 7 20 0 0.500000 0.500000
22 16 -1 0.000000 0.000000 7 7 7 20 0 0.500000 0.500000
16 18 -1 0.000000 0.000000 7 7 7 20 0 0.500000 0.500000
18 11 -1 0.000000 0.000000 7 7 7 20 0 0.500000 0.500000
25 19 3 0.000000 1.000000 7 7 7 1 0 1.000000 1.000000
19 378 -1 0.000000 0.000000 7 7 7 20 0 0.500000 0.500000
378 26 48 0.400000 0.500000 7 7 7 11 0 0.500000 0.500000
26 371 -1 0.000000 0.000000 7 7 7 20 0 0.500000 0.500000
371 375 -1 0.000000 0.000000 7 7 7 20 0 0.500000 0.500000
375 374 -1 0.000000 0.000000 7 7 7 20 0 0.500000 0.500000
374 372 -1 0.000000 0.000000 7 7 7 20 0 0.500000 0.500000
372 373 -1 0.000000 0.000000 7 7 7 20 0 0.500000 0.500000
373 393 54 0.400000 0.500000 7 7 7 11 0 0.500000 0.500000
393 47 -1 0.000000 0.000000 7 7 7 20 0 0.500000 0.500000
47 48 43 0.000000 1.000000 7 7 7 1 0 0.500000 0.500000
48 367 -1 0.000000 0.000000 7 7 7 20 0 0.500000 0.500000
367 394 53 0.400000 0.500000 7 7 7 11 0 0.500000 0.500000
394 369 -1 0.000000 0.000000 7 7 7 20 0 0.500000 0.500000
369 376 -1 0.000000 0.000000 7 7 7 20 0 0.500000 0.500000
376 377 -1 0.000000 0.000000 0 1 0 20 0 1.000000 1.000000
377 370 -1 0.000000 0.000000 7 7 7 20 0 0.500000 0.500000
370 368 -1 0.000000 0.000000 7 7 7 20 0 0.500000 0.500000
368 381 49 0.400000 0.500000 7 7 7 11 0 0.500000 0.500000
381 249 -1 0.000000 0.000000 7 7 7 20 0 0.500000 0.500000
249 49 -1 0.000000 0.000000 7 7 7 20 0 0.500000 0.500000
49 250 -1 0.000000 0.000000 7 7 7 20 0 0.500000 0.500000
250 28 -1 0.000000 0.000000 7 7 7 20 0 0.500000 0.500000
28 33 -1 0.000000 0.000000 7 7 7 20 0 0.500000 0.500000
33 227 -1 0.000000 0.000000 7 7 7 20 0 0.500000 0.500000
227 34 -1 0.000000 0.000000 7 7 7 20 0 0.500000 0.500000
34 226 -1 0.000000 0.000000 7 7 7 20 0 0.500000 0.500000
226 501 -1 0.000000 0.000000 0 7 0 20 0 1.000000 1.000000
501 495 -1 0.000000 0.000000 0 7 0 20 0 1.000000 1.000000
495 494 74 0.200000 0.900000 7 7 7 11 0 1.000000 1.000000
494 500 -1 0.000000 0.000000 0 7 0 20 0 1.000000 1.000000
500 453 -1 0.000000 0.000000 0 7 0 20 0 1.000000 1.000000
453 454 -1 0.000000 0.000000 7 6 7 20 262176 0.500000 0.500000
454 455 -1 0.000000 0.000000 7 6 7 20 262176 0.500000 0.500000
455 456 -1 0.000000 0.000000 7 6 7 20 262176 0.500000 0.500000
456 457 -1 0.000000 0.000000 7 6 7 20 262176 0.500000 0.500000
457 36 -1 0.000000 0.000000 7 6 7 20 262176 0.500000 0.500000
36 458 -1 0.000000 0.000000 7 7 7 20 0 0.500000 0.500000
458 459 67 0.265000 0.734999 7 7 7 11 0 0.500000 0.500000
459 224 -1 0.000000 0.000000 7 7 7 20 0 0.500000 0.500000
224 37 -1 0.000000 0.000000 7 7 7 20 0 0.500000 0.500000
37 262 -1 0.000000 0.000000 7 7 7 20 0 0.500000 0.500000
262 261 -1 0.000000 0.000000 7 7 7 20 0 0.500000 0.500000
261 260 -1 0.000000 0.000000 7 7 7 20 0 0.500000 0.500000
260 264 -1 0.000000 0.000000 7 7 7 20 0 0.500000 0.500000
264 263 -1 0.000000 0.000000 1 1 1 20 0 1.000000 1.000000
263 50 -1 0.000000 0.000000 7 7 7 20 0 0.500000 0.500000
50 42 5 0.000000 1.000000 7 7 7 1 0 0.500000 0.500000
42 265 -1 0.000000 0.000000 7 7 7 20 0 0.500000 0.500000
265 266 -1 0.000000 0.000000 2 2 2 0 0 0.500000 0.500000
266 470 -1 0.000000 0.000000 7 7 7 20 0 0.500000 0.500000
470 59 -1 0.000000 0.000000 7 7 7 20 0 0.500000 0.500000
59 60 6 0.000000 1.000000 7 7 7 1 0 0.500000 0.500000
60 471 -1 0.000000 0.000000 7 7 7 20 0 0.500000 0.500000
471 251 -1 0.000000 0.000000 7 7 7 20 0 0.500000 0.500000
251 41 -1 0.000000 0.000000 7 7 7 20 0 0.500000 0.500000
41 40 -1 0.000000 0.000000 7 7 7 20 0 0.500000 0.500000
40 446 65 0.265000 0.734999 7 7 7 11 3145731 0.500000 0.500000
446 39 -1 0.000000 0.000000 7 7 7 20 0 0.500000 0.500000
39 225 -1 0.000000 0.000000 7 7 7 20 0 0.500000 0.500000
225 252 -1 0.000000 0.000000 7 7 7 20 0 0.500000 0.500000
252 35 -1 0.000000 0.000000 7 7 7 20 0 0.500000 0.500000
35 38 -1 0.000000 0.000000 7 7 7 20 0 0.500000 0.500000
38 27 -1 0.000000 0.000000 7 7 7 20 0 0.500000 0.500000
27 228 -1 0.000000 0.000000 7 7 7 20 0 0.500000 0.500000
228 25 -1 0.000000 0.000000 7 7 7 20 0 0.500000 0.500000
29 247 -1 0.000000 0.000000 7 6 7 20 262176 0.500000 0.500000
247 241 -1 0.000000 0.000000 7 6 7 20 262176 0.500000 0.500000
241 242 -1 0.000000 0.000000 7 6 7 20 262176 0.500000 0.500000
242 243 -1 0.000000 0.000000 7 7 7 20 0 0.500000 0.500000
243 244 -1 0.000000 0.000000 7 6 7 20 262176 0.500000 0.500000
244 248 -1 0.000000 0.000000 7 6 7 20 262176 0.500000 0.500000
248 30 -1 0.000000 0.000000 7 6 7 20 262176 0.500000 0.500000
30 229 -1 0.000000 0.000000 7 6 7 20 262176 0.500000 0.500000
229 231 -1 0.000000 0.000000 7 6 7 20 262176 0.500000 0.500000
231 232 -1 0.000000 0.000000 7 7 7 20 0 0.500000 0.500000
232 230 -1 0.000000 0.000000 7 6 7 20 262176 0.500000 0.500000
230 245 -1 0.000000 0.000000 7 6 7 20 262176 0.500000 0.500000
245 31 -1 0.000000 0.000000 7 6 7 20 262176 0.500000 0.500000
31 233 -1 0.000000 0.000000 7 6 7 20 262176 0.500000 0.500000
233 234 -1 0.000000 0.000000 7 6 7 20 262176 0.500000 0.500000
234 235 -1 0.000000 0.000000 7 7 7 20 0 0.500000 0.500000
235 236 -1 0.000000 0.000000 7 6 7 20 262176 0.500000 0.500000
236 32 -1 0.000000 0.000000 7 6 7 20 262176 0.500000 0.500000
32 246 -1 0.000000 0.000000 7 6 7 20 262176 0.500000 0.500000
246 237 -1 0.000000 0.000000 7 6 7 20 262176 0.500000 0.500000
237 238 -1 0.000000 0.000000 7 6 7 20 262176 0.500000 0.500000
238 239 -1 0.000000 0.000000 7 7 7 20 0 0.500000 0.500000
239 240 -1 0.000000 0.000000 7 6 7 20 262176 0.500000 0.500000
240 29 -1 0.000000 0.000000 7 6 7 20 262176 0.500000 0.500000
43 310 -1 0.000000 0.000000 7 6 7 20 262176 1.000000 1.000000
310 312 -1 0.000000 0.000000 7 6 7 20 262176 1.000000 1.000000
312 336 -1 0.000000 0.000000 7 6 7 20 262176 1.000000 1.000000
336 337 -1 0.000000 0.000000 7 6 7 20 262176 1.000000 1.000000
337 315 -1 0.000000 0.000000 7 6 7 20 262176 1.000000 1.000000
315 314 -1 0.000000 0.000000 7 6 7 20 262176 1.000000 1.000000
314 313 -1 0.000000 0.000000 7 6 7 20 262176 1.000000 1.000000
313 311 -1 0.000000 0.000000 7 6 7 20 262176 1.000000 1.000000
311 44 -1 0.000000 0.000000 7 6 7 20 262176 1.000000 1.000000
44 139 -1 0.000000 0.000000 7 6 7 20 262176 1.000000 1.000000
139 220 -1 0.000000 0.000000 7 6 7 20 262176 1.000000 1.000000
220 221 27 0.300000 0.700000 6 6 6 11 262176 1.000000 1.000000
221 140 -1 0.000000 0.000000 7 6 7 20 262176 1.000000 1.000000
140 45 -1 0.000000 0.000000 7 6 7 20 262176 1.000000 1.000000
45 141 -1 0.000000 0.000000 7 6 7 20 4456480 1.000000 1.000000
141 46 -1 0.000000 0.000000 7 6 7 20 5505056 1.000000 1.000000
46 504 -1 0.000000 0.000000 7 6 7 20 5505056 1.000000 1.000000
504 142 -1 0.000000 0.000000 7 6 7 20 262176 1.000000 1.000000
142 43 -1 0.000000 0.000000 7 6 7 20 262176 1.000000 1.000000
265 266 -1 0.000000 0.000000 0 6 0 20 0 1.000000 1.000000
265 263 29 0.000000 1.000000 6 6 6 1 0 1.000000 1.000000
264 263 -1 0.000000 0.000000 0 1 0 20 0 1.000000 1.000000
264 266 29 0.000000 1.000000 6 6 6 1 0 1.000000 1.000000
316 317 35 0.000000 1.000000 6 6 6 1 262176 1.000000 1.000000
317 318 35 0.000000 1.000000 6 6 6 1 262176 1.000000 1.000000
318 319 35 0.000000 1.000000 6 6 6 1 262176 1.000000 1.000000
319 316 35 0.000000 1.000000 6 6 6 1 262176 1.000000 1.000000
320 321 36 0.000000 1.000000 6 6 6 1 262176 1.000000 1.000000
321 322 36 0.000000 1.000000 6 6 6 1 262176 1.000000 1.000000
322 323 36 0.000000 1.000000 6 6 6 1 262176 1.000000 1.000000
323 320 36 0.000000 1.000000 6 6 6 1 262176 1.000000 1.000000
324 325 37 0.000000 1.000000 6 6 6 1 262176 1.000000 1.000000
325 326 37 0.000000 1.000000 6 6 6 1 262176 1.000000 1.000000
326 327 37 0.000000 1.000000 6 6 6 1 262176 1.000000 1.000000
327 324 37 0.000000 1.000000 6 6 6 1 262176 1.000000 1.000000
328 329 38 0.000000 1.000000 6 6 6 1 262176 1.000000 1.000000
329 330 38 0.000000 1.000000 6 6 6 1 262176 1.000000 1.000000
330 331 38 0.000000 1.000000 6 6 6 1 262176 1.000000 1.000000
331 328 38 0.000000 1.000000 6 6 6 1 262176 1.000000 1.000000
332 333 39 0.000000 1.000000 6 6 6 1 262176 1.000000 1.000000
333 334 39 0.000000 1.000000 6 6 6 1 262176 1.000000 1.000000
334 335 39 0.000000 1.000000 6 6 6 1 262176 1.000000 1.000000
335 332 39 0.000000 1.000000 6 6 6 1 262176 1.000000 1.000000
376 374 47 0.000000 1.000000 11 11 11 1 11 1.000000 1.000000
375 374 -1 0.000000 0.000000 0 1 0 20 0 1.000000 1.000000
375 377 47 0.000000 1.000000 11 11 11 1 11 1.000000 1.000000
376 377 -1 0.000000 0.000000 6 6 6 0 0 1.000000 1.000000
399 400 55 0.000000 1.000000 1 1 1 1 0 1.000000 1.000000
400 401 55 0.000000 1.000000 1 1 1 1 0 1.000000 1.000000
401 402 55 0.000000 1.000000 1 1 1 1 0 1.000000 1.000000
402 399 55 0.000000 1.000000 1 1 1 1 0 1.000000 1.000000
403 404 56 0.000000 1.000000 1 1 1 1 0 1.000000 1.000000
404 405 56 0.000000 1.000000 1 1 1 1 0 1.000000 1.000000
405 406 56 0.000000 1.000000 1 1 1 1 0 1.000000 1.000000
406 403 56 0.000000 1.000000 1 1 1 1 0 1.000000 1.000000
407 408 57 0.000000 1.000000 1 1 1 1 0 1.000000 1.000000
408 409 57 0.000000 1.000000 1 1 1 1 0 1.000000 1.000000
409 410 57 0.000000 1.000000 1 1 1 1 0 1.000000 1.000000
410 407 57 0.000000 1.000000 1 1 1 1 0 1.000000 1.000000
411 412 58 0.000000 1.000000 1 1 1 1 0 1.000000 1.000000
412 413 58 0.000000 1.000000 1 1 1 1 0 1.000000 1.000000
413 414 58 0.000000 1.000000 1 1 1 1 0 1.000000 1.000000
414 411 58 0.000000 1.000000 1 1 1 1 0 1.000000 1.000000
449 450 66 0.000000 1.000000 1 1 1 1 0 1.000000 1.000000
450 451 66 0.000000 1.000000 1 1 1 1 0 1.000000 1.000000
451 452 66 0.000000 1.000000 1 1 1 1 0 1.000000 1.000000
452 449 66 0.000000 1.000000 1 1 1 1 0 1.000000 1.000000
462 463 68 0.100000 0.900000 12 12 12 11 0 1.000000 1.000000
463 464 68 0.100000 0.900000 12 12 12 11 0 1.000000 1.000000
464 465 68 0.100000 0.900000 12 12 12 11 0 1.000000 1.000000
465 462 68 0.100000 0.900000 12 12 12 11 0 1.000000 1.000000
484 485 -1 0.000000 0.000000 1 10 1 84 15 1.000000 1.000000
485 486 -1 0.000000 0.000000 1 10 1 84 15 1.000000 1.000000
486 487 -1 0.000000 0.000000 1 10 1 84 15 1.000000 1.000000
487 484 -1 0.000000 0.000000 1 10 1 84 15 1.000000 1.000000
485 484 -1 0.000000 0.000000 1 10 1 84 6291456 1.000000 1.000000
486 485 -1 0.000000 0.000000 1 10 1 84 6291456 1.000000 1.000000
487 486 -1 0.000000 0.000000 1 10 1 84 6291456 1.000000 1.000000
484 487 -1 0.000000 0.000000 1 10 1 84 6291456 1.000000 1.000000
348 349 -1 0.000000 0.000000 7 7 7 20 0 0.500000 0.500000
349 344 -1 0.000000 0.000000 7 7 7 20 0 0.500000 0.500000
344 56 -1 0.000000 0.000000 7 7 7 20 0 0.500000 0.500000
56 63 -1 0.000000 0.000000 7 7 7 20 0 0.500000 0.500000
63 57 7 0.000000 1.000000 7 7 7 1 0 0.500000 0.500000
57 58 -1 0.000000 0.000000 7 7 7 20 0 0.500000 0.500000
58 42 -1 0.000000 0.000000 7 7 7 20 0 0.500000 0.500000
42 50 4 0.000000 1.000000 7 7 7 1 0 1.000000 1.000000
50 343 -1 0.000000 0.000000 7 7 7 20 0 0.500000 0.500000
343 360 -1 0.000000 0.000000 7 7 7 20 0 0.500000 0.500000
360 359 45 0.400000 0.600000 7 7 7 11 0 0.500000 0.500000
359 351 -1 0.000000 0.000000 7 7 7 20 0 0.500000 0.500000
351 353 -1 0.000000 0.000000 7 7 7 20 0 0.500000 0.500000
353 348 42 0.000000 1.000000 11 11 11 1 11 1.000000 1.000000
363 364 46 0.000000 0.999999 1 1 1 3 0 1.000000 1.000000
364 365 46 0.000000 0.999999 1 1 1 3 0 1.000000 1.000000
365 366 46 0.000000 0.999999 1 1 1 3 0 1.000000 1.000000
366 363 46 0.000000 0.999999 1 1 1 3 0 1.000000 1.000000
60 59 4 0.000000 1.000000 7 7 7 1 0 1.000000 1.000000
59 61 -1 0.000000 0.000000 7 7 7 20 0 0.500000 0.500000
61 77 -1 0.000000 0.000000 7 7 7 20 0 0.500000 0.500000
77 78 -1 0.000000 0.000000 7 7 7 20 0 0.500000 0.500000
78 79 -1 0.000000 0.000000 7 7 7 20 0 0.500000 0.500000
79 76 -1 0.000000 0.000000 7 7 7 20 0 0.500000 0.500000
76 62 -1 0.000000 0.000000 7 7 7 20 0 0.500000 0.500000
62 60 -1 0.000000 0.000000 7 7 7 20 0 0.500000 0.500000
80 81 -1 0.000000 0.000000 7 7 7 20 0 0.500000 0.500000
81 82 -1 0.000000 0.000000 7 7 7 20 0 0.500000 0.500000
82 83 -1 0.000000 0.000000 7 7 7 20 0 0.500000 0.500000
83 80 -1 0.000000 0.000000 7 7 7 20 0 0.500000 0.500000
271 272 31 0.000000 1.000000 6 6 6 1 262181 1.000000 1.000000
272 273 31 0.000000 1.000000 6 6 6 1 262181 1.000000 1.000000
273 274 31 0.000000 1.000000 6 6 6 1 262181 1.000000 1.000000
274 275 31 0.000000 1.000000 9 9 9 1 7 1.000000 1.000000
275 276 31 0.000000 1.000000 6 6 6 1 262181 1.000000 1.000000
276 277 31 0.000000 1.000000 6 6 6 1 262181 1.000000 1.000000
277 278 31 0.000000 1.000000 6 6 6 1 262181 1.000000 1.000000
278 279 31 0.000000 1.000000 6 6 6 1 262181 1.000000 1.000000
279 280 31 0.000000 1.000000 6 6 6 1 262181 1.000000 1.000000
280 281 31 0.000000 1.000000 1 1 1 1 4 1.000000 1.000000
281 282 31 0.000000 1.000000 6 6 6 1 262181 1.000000 1.000000
282 283 31 0.000000 1.000000 6 6 6 1 262181 1.000000 1.000000
283 284 31 0.000000 1.000000 6 6 6 1 262181 1.000000 1.000000
284 285 31 0.000000 1.000000 6 6 6 1 262181 1.000000 1.000000
285 286 31 0.000000 1.000000 6 6 6 1 262181 1.000000 1.000000
286 287 31 0.000000 1.000000 1 1 1 1 4 1.000000 1.000000
287 288 31 0.000000 1.000000 6 6 6 1 262181 1.000000 1.000000
288 289 31 0.000000 1.000000 6 6 6 1 262181 1.000000 1.000000
289 290 31 0.000000 1.000000 6 6 6 1 262181 1.000000 1.000000
290 291 31 0.000000 1.000000 6 6 6 1 262181 1.000000 1.000000
291 292 31 0.000000 1.000000 6 6 6 1 262181 1.000000 1.000000
292 293 31 0.000000 1.000000 1 1 1 1 4 1.000000 1.000000
293 294 31 0.000000 1.000000 6 6 6 1 262181 1.000000 1.000000
294 271 31 0.000000 1.000000 6 6 6 1 262181 1.000000 1.000000
69 69 -1 0.000000 0.000000 7 7 7 20 0 0.500000 0.500000
69 65 -1 0.000000 0.000000 7 7 7 20 0 0.500000 0.500000
65 72 -1 0.000000 0.000000 7 7 7 20 0 0.500000 0.500000
72 66 -1 0.000000 0.000000 7 7 7 20 0 0.500000 0.500000
66 57 -1 0.000000 0.000000 7 7 7 20 0 0.500000 0.500000
57 63 5 0.000000 1.000000 7 7 7 1 0 1.000000 1.000000
63 64 -1 0.000000 0.000000 7 7 7 20 0 0.500000 0.500000
64 68 -1 0.000000 0.000000 7 7 7 20 0 0.500000 0.500000
68 67 -1 0.000000 0.000000 7 7 7 20 0 0.500000 0.500000
67 70 -1 0.000000 0.000000 7 7 7 20 0 0.500000 0.500000
70 71 -1 0.000000 0.000000 7 7 7 20 0 0.500000 0.500000
71 254 -1 0.000000 0.000000 7 7 7 20 0 0.500000 0.500000
254 255 -1 0.000000 0.000000 7 7 7 20 0 0.500000 0.500000
255 256 28 0.000000 1.000000 7 7 7 1 8 0.500000 0.500000
256 253 -1 0.000000 0.000000 7 7 7 20 0 0.500000 0.500000
253 69 -1 0.000000 0.000000 7 7 7 20 0 0.500000 0.500000
73 84 -1 0.000000 0.000000 7 7 7 20 0 0.500000 0.500000
84 93 -1 0.000000 0.000000 7 7 7 20 0 0.500000 0.500000
93 92 33 0.000000 1.000000 7 7 7 1 0 0.500000 0.500000
92 74 -1 0.000000 0.000000 7 7 7 20 0 0.500000 0.500000
74 75 -1 0.000000 0.000000 7 7 7 20 0 0.500000 0.500000
75 85 -1 0.000000 0.000000 7 7 7 20 0 0.500000 0.500000
85 257 -1 0.000000 0.000000 7 7 7 20 0 0.500000 0.500000
257 258 -1 0.000000 0.000000 7 7 7 20 0 0.500000 0.500000
258 259 28 0.000000 1.000000 7 7 7 1 8 0.500000 0.500000
259 73 -1 0.000000 0.000000 7 7 7 20 0 0.500000 0.500000
86 194 -1 0.000000 0.000000 7 6 7 20 262176 0.500000 0.500000
194 200 -1 0.000000 0.000000 7 6 7 20 262176 0.500000 0.500000
200 198 -1 0.000000 0.000000 7 7 7 20 0 0.500000 0.500000
198 199 -1 0.000000 0.000000 7 7 7 20 0 0.500000 0.500000
199 210 -1 0.000000 0.000000 7 7 7 20 0 0.500000 0.500000
210 208 -1 0.000000 0.000000 7 6 7 20 262176 0.500000 0.500000
208 209 -1 0.000000 0.000000 7 6 7 20 262176 0.500000 0.500000
209 211 -1 0.000000 0.000000 7 6 7 20 262176 0.500000 0.500000
211 197 -1 0.000000 0.000000 7 7 7 20 0 0.500000 0.500000
197 196 -1 0.000000 0.000000 7 7 7 20 0 0.500000 0.500000
196 207 -1 0.000000 0.000000 7 7 7 20 0 0.500000 0.500000
207 87 -1 0.000000 0.000000 7 6 7 20 262176 0.500000 0.500000
87 193 -1 0.000000 0.000000 7 6 7 20 262176 0.500000 0.500000
193 206 -1 0.000000 0.000000 7 6 7 20 262176 0.500000 0.500000
206 192 -1 0.000000 0.000000 7 7 7 20 0 0.500000 0.500000
192 191 -1 0.000000 0.000000 7 7 7 20 0 0.500000 0.500000
191 190 -1 0.000000 0.000000 7 7 7 20 0 0.500000 0.500000
190 205 -1 0.000000 0.000000 7 7 7 20 0 0.500000 0.500000
205 189 -1 0.000000 0.000000 7 7 7 20 0 0.500000 0.500000
189 88 -1 0.000000 0.000000 7 6 7 20 262176 0.500000 0.500000
88 188 -1 0.000000 0.000000 7 6 7 20 262176 0.500000 0.500000
188 204 -1 0.000000 0.000000 7 6 7 20 262176 0.500000 0.500000
204 187 -1 0.000000 0.000000 7 7 7 20 0 0.500000 0.500000
187 185 -1 0.000000 0.000000 7 7 7 20 0 0.500000 0.500000
185 184 -1 0.000000 0.000000 7 7 7 20 0 0.500000 0.500000
184 186 -1 0.000000 0.000000 7 7 7 20 0 0.500000 0.500000
186 212 -1 0.000000 0.000000 7 7 7 20 0 0.500000 0.500000
212 214 -1 0.000000 0.000000 7 6 7 20 262176 0.500000 0.500000
214 215 -1 0.000000 0.000000 7 6 7 20 262176 0.500000 0.500000
215 213 -1 0.000000 0.000000 7 6 7 20 262176 0.500000 0.500000
213 182 -1 0.000000 0.000000 7 7 7 20 0 0.500000 0.500000
182 180 -1 0.000000 0.000000 7 7 7 20 0 0.500000 0.500000
180 181 -1 0.000000 0.000000 7 9 7 20 15 1.000000 1.000000
181 183 -1 0.000000 0.000000 7 7 7 20 0 0.500000 0.500000
183 202 -1 0.000000 0.000000 7 7 7 20 0 0.500000 0.500000
202 195 -1 0.000000 0.000000 7 6 7 20 262176 0.500000 0.500000
195 89 -1 0.000000 0.000000 7 6 7 20 262176 0.500000 0.500000
89 203 -1 0.000000 0.000000 7 6 7 20 262176 0.500000 0.500000
203 217 -1 0.000000 0.000000 7 7 7 20 0 0.500000 0.500000
217 216 -1 0.000000 0.000000 7 7 7 20 0 0.500000 0.500000
216 201 -1 0.000000 0.000000 7 7 7 20 0 0.500000 0.500000
201 86 -1 0.000000 0.000000 7 6 7 20 262176 0.500000 0.500000
267 268 30 0.000000 1.000000 1 1 1 1 0 1.000000 1.000000
268 269 30 0.000000 1.000000 1 1 1 1 0 1.000000 1.000000
269 270 30 0.000000 1.000000 1 1 1 1 0 1.000000 1.000000
270 267 30 0.000000 1.000000 1 1 1 1 0 1.000000 1.000000
308 300 -1 0.000000 0.000000 7 7 7 20 0 0.500000 0.500000
300 296 -1 0.000000 0.000000 7 7 7 20 0 0.500000 0.500000
296 298 32 0.000000 1.000000 11 11 11 1 11 1.000000 1.000000
298 301 -1 0.000000 0.000000 7 7 7 20 0 0.500000 0.500000
301 384 -1 0.000000 0.000000 7 7 7 20 0 0.500000 0.500000
384 305 50 0.400000 0.500000 7 7 7 11 0 0.500000 0.500000
305 91 -1 0.000000 0.000000 7 7 7 20 0 0.500000 0.500000
91 51 -1 0.000000 0.000000 7 7 7 20 0 0.500000 0.500000
51 47 43 0.000000 1.000000 7 7 7 1 0 1.000000 1.000000
47 90 -1 0.000000 0.000000 7 7 7 20 0 0.500000 0.500000
90 94 10 0.000000 1.000000 7 7 7 1 0 0.500000 0.500000
94 304 -1 0.000000 0.000000 7 7 7 20 0 0.500000 0.500000
304 307 -1 0.000000 0.000000 7 7 7 20 0 0.500000 0.500000
307 308 34 0.400000 0.500000 7 7 7 11 0 0.500000 0.500000
96 95 -1 0.000000 0.000000 7 7 7 20 6291456 0.500000 0.500000
95 94 -1 0.000000 0.000000 7 7 7 20 0 0.500000 0.500000
94 90 9 0.000000 1.000000 7 7 7 1 0 1.000000 1.000000
90 436 -1 0.000000 0.000000 7 7 7 20 0 0.500000 0.500000
436 435 -1 0.000000 0.000000 7 7 7 20 6291456 0.500000 0.500000
435 508 -1 0.000000 0.000000 7 7 7 20 0 0.500000 0.500000
508 512 -1 0.000000 0.000000 7 7 7 20 0 0.500000 0.500000
512 511 -1 0.000000 0.000000 7 7 7 20 0 0.500000 0.500000
511 510 -1 0.000000 0.000000 7 7 7 20 0 0.500000 0.500000
510 509 -1 0.000000 0.000000 7 7 7 20 0 0.500000 0.500000
509 506 -1 0.000000 0.000000 7 7 7 20 0 0.500000 0.500000
506 431 -1 0.000000 0.000000 7 5 7 20 6291456 0.500000 0.500000
431 431 63 0.000000 1.000000 1 1 1 1 0 1.000000 1.000000
431 505 -1 0.000000 0.000000 7 5 7 20 6291456 0.500000 0.500000
505 432 -1 0.000000 0.000000 7 7 7 20 6291456 0.500000 0.500000
432 507 -1 0.000000 0.000000 7 7 7 20 0 0.500000 0.500000
507 502 -1 0.000000 0.000000 7 7 7 20 0 0.500000 0.500000
502 503 -1 0.000000 0.000000 7 7 7 20 0 0.500000 0.500000
503 97 -1 0.000000 0.000000 7 7 7 20 0 0.500000 0.500000
97 99 11 0.000000 1.000000 7 7 7 1 0 0.500000 0.500000
99 434 -1 0.000000 0.000000 7 7 7 20 0 0.500000 0.500000
434 74 -1 0.000000 0.000000 7 7 7 20 6291456 0.500000 0.500000
74 437 -1 0.000000 0.000000 7 7 7 20 6291456 0.500000 0.500000
437 433 -1 0.000000 0.000000 7 7 7 20 0 0.500000 0.500000
433 96 62 0.000000 1.000000 1 1 1 1 0 1.000000 1.000000
434 431 63 0.000000 1.000000 1 1 1 1 0 1.000000 1.000000
431 431 -1 0.000000 0.000000 1 1 1 20 0 1.000000 1.000000
431 435 63 0.000000 1.000000 1 1 1 1 0 1.000000 1.000000
436 435 -1 0.000000 0.000000 1 7 1 0 6291456 0.500000 0.500000
436 95 63 0.000000 1.000000 1 1 1 1 0 1.000000 1.000000
95 95 63 0.000000 1.000000 1 1 1 1 0 1.000000 1.000000
96 95 -1 0.000000 0.000000 1 1 1 0 0 1.000000 1.000000
96 437 63 0.000000 1.000000 1 1 1 1 0 1.000000 1.000000
74 437 -1 0.000000 0.000000 1 1 1 0 0 1.000000 1.000000
434 74 -1 0.000000 0.000000 1 1 1 0 0 1.000000 1.000000
99 97 10 0.000000 1.000000 7 7 7 1 0 1.000000 1.000000
97 176 -1 0.000000 0.000000 7 7 7 20 0 0.500000 0.500000
176 488 -1 0.000000 0.000000 7 7 7 20 5242880 0.500000 0.500000
488 179 -1 0.000000 0.000000 7 7 7 20 0 0.500000 0.500000
179 113 -1 0.000000 0.000000 7 7 7 20 0 0.500000 0.500000
113 112 12 0.000000 1.000000 7 7 7 1 0 0.500000 0.500000
112 178 -1 0.000000 0.000000 7 7 7 20 0 0.500000 0.500000
178 102 -1 0.000000 0.000000 7 7 7 20 0 0.500000 0.500000
102 103 -1 0.000000 0.000000 7 7 7 20 0 0.500000 0.500000
103 106 -1 0.000000 0.000000 7 7 7 20 0 0.500000 0.500000
106 111 -1 0.000000 0.000000 7 7 7 20 0 0.500000 0.500000
111 110 -1 0.000000 0.000000 7 7 7 20 0 0.500000 0.500000
110 108 -1 0.000000 0.000000 7 7 7 20 0 0.500000 0.500000
108 109 -1 0.000000 0.000000 7 7 7 20 0 0.500000 0.500000
109 105 -1 0.000000 0.000000 7 7 7 20 0 0.500000 0.500000
105 107 -1 0.000000 0.000000 7 7 7 20 0 0.500000 0.500000
107 104 -1 0.000000 0.000000 7 7 7 20 0 0.500000 0.500000
104 100 -1 0.000000 0.000000 7 7 7 20 0 0.500000 0.500000
100 147 -1 0.000000 0.000000 7 7 7 20 0 0.500000 0.500000
147 150 -1 0.000000 0.000000 7 6 7 20 262176 0.500000 0.500000
150 149 -1 0.000000 0.000000 7 6 7 20 262176 0.500000 0.500000
149 160 -1 0.000000 0.000000 7 6 7 20 262176 0.500000 0.500000
160 143 -1 0.000000 0.000000 7 6 7 20 4456480 0.500000 0.500000
143 144 21 0.235000 0.729999 7 7 7 11 4 0.500000 0.500000
144 159 -1 0.000000 0.000000 7 6 7 20 4456480 0.500000 0.500000
159 151 -1 0.000000 0.000000 7 6 7 20 262176 0.500000 0.500000
151 152 -1 0.000000 0.000000 7 6 7 20 262176 0.500000 0.500000
152 148 -1 0.000000 0.000000 7 6 7 20 262176 0.500000 0.500000
148 101 -1 0.000000 0.000000 7 7 7 20 0 0.500000 0.500000
101 491 -1 0.000000 0.000000 7 7 7 20 0 0.500000 0.500000
491 177 -1 0.000000 0.000000 7 7 7 20 6291456 0.500000 0.500000
177 99 -1 0.000000 0.000000 7 7 7 20 0 0.500000 0.500000
153 154 22 0.200000 1.000000 1 1 1 9 0 1.000000 1.000000
154 155 22 0.200000 1.000000 6 6 6 9 0 1.000000 1.000000
155 156 22 0.200000 1.000000 6 6 6 9 0 1.000000 1.000000
156 153 22 0.200000 1.000000 6 6 6 9 0 1.000000 1.000000
104 107 -1 0.000000 0.000000 1 1 1 20 0 1.000000 1.000000
107 105 -1 0.000000 0.000000 1 1 1 20 0 1.000000 1.000000
105 109 -1 0.000000 0.000000 1 1 1 20 0 1.000000 1.000000
109 104 -1 0.000000 0.000000 1 10 1 84 15 0.407000 1.000000
489 488 71 0.300000 0.700000 1 1 1 11 0 1.000000 1.000000
176 488 -1 0.000000 0.000000 1 1 1 10 0 1.000000 1.000000
176 490 71 0.300000 0.700000 1 1 1 11 0 1.000000 1.000000
490 489 71 0.300000 0.700000 1 1 1 11 0 1.000000 1.000000
491 492 72 0.000000 1.000000 1 1 1 1 0 1.000000 1.000000
492 493 72 0.000000 1.000000 1 1 1 1 0 1.000000 1.000000
493 177 72 0.000000 1.000000 1 1 1 1 0 1.000000 1.000000
491 177 -1 0.000000 0.000000 1 7 1 0 6291456 0.500000 0.500000
113 114 -1 0.000000 0.000000 7 7 7 20 4 0.500000 0.500000
114 115 13 -0.200000 1.000000 7 7 7 1 0 1.000000 1.000000
115 112 -1 0.000000 0.000000 7 7 7 20 4 0.500000 0.500000
112 113 11 0.000000 1.000000 7 7 7 9 0 1.000000 1.000000
114 116 -1 0.000000 0.000000 7 7 7 20 4 0.500000 0.500000
116 117 14 -0.400000 1.000000 7 7 7 1 0 1.000000 1.000000
117 115 -1 0.000000 0.000000 7 7 7 20 4 0.500000 0.500000
115 114 12 -0.200000 1.000000 6 6 6 9 0 1.000000 1.000000
116 118 -1 0.000000 0.000000 7 7 7 20 4 0.500000 0.500000
118 119 15 -0.600000 1.000000 7 7 7 1 0 1.000000 1.000000
119 117 -1 0.000000 0.000000 7 7 7 20 4 0.500000 0.500000
117 116 13 -0.400000 1.000000 6 6 6 9 0 1.000000 1.000000
118 120 -1 0.000000 0.000000 7 7 7 20 4 0.500000 0.500000
120 121 16 -0.800000 1.000000 7 7 7 1 0 1.000000 1.000000
121 119 -1 0.000000 0.000000 7 7 7 20 4 0.500000 0.500000
119 118 14 -0.600000 1.000000 6 6 6 9 0 1.000000 1.000000
120 122 -1 0.000000 0.000000 7 7 7 20 4 0.500000 0.500000
122 123 17 -1.000000 0.500000 7 7 7 3 4 0.500000 0.500000
123 121 -1 0.000000 0.000000 7 7 7 20 4 0.500000 0.500000
121 120 15 -0.800000 1.000000 6 6 6 9 0 1.000000 1.000000
122 124 -1 0.000000 0.000000 7 7 7 20 8 0.500000 0.500000
124 125 18 -1.200000 -0.200000 7 7 7 3 4 0.500000 0.500000
125 123 -1 0.000000 0.000000 7 7 7 20 8 0.500000 0.500000
123 122 16 -1.000000 0.500000 6 6 6 9 0 1.000000 1.000000
124 126 -1 0.000000 0.000000 7 7 7 20 0 0.500000 0.500000
126 105 -1 0.000000 0.000000 7 7 7 20 0 0.500000 0.500000
105 125 -1 0.000000 0.000000 7 7 7 20 0 0.500000 0.500000
125 124 17 -1.200000 -0.200000 7 7 7 1 0 0.500000 0.500000
133 135 -1 0.000000 0.000000 7 6 7 20 262176 1.000000 1.000000
135 131 -1 0.000000 0.000000 7 7 7 20 2097160 0.500000 0.500000
131 127 -1 0.000000 0.000000 7 7 7 20 2097160 0.500000 0.500000
127 128 -1 0.000000 0.000000 7 7 7 20 2097160 0.500000 0.500000
128 129 -1 0.000000 0.000000 7 7 7 20 2097160 0.500000 0.500000
129 130 -1 0.000000 0.000000 7 7 7 20 2097160 0.500000 0.500000
130 132 -1 0.000000 0.000000 7 7 7 20 2097160 0.500000 0.500000
132 136 -1 0.000000 0.000000 7 7 7 20 2097160 0.500000 0.500000
136 134 -1 0.000000 0.000000 7 6 7 20 262176 1.000000 1.000000
134 133 20 0.000000 0.900000 6 6 6 3 0 1.000000 1.000000
134 1 -1 0.000000 0.000000 7 6 7 20 262176 1.000000 1.000000
1 0 0 0.000000 0.900000 6 6 6 1 0 1.000000 1.000000
0 133 -1 0.000000 0.000000 7 6 7 20 262176 1.000000 1.000000
133 134 19 0.000000 0.900000 6 6 6 1 0 1.000000 1.000000
144 143 11 0.235000 0.729999 1 1 1 1 0 1.000000 1.000000
143 158 -1 0.000000 0.000000 7 6 7 20 6553632 0.500000 0.500000
158 145 -1 0.000000 0.000000 7 1 7 20 6291464 0.500000 0.500000
145 146 -1 0.000000 0.000000 7 1 7 20 6291464 0.500000 0.500000
146 157 -1 0.000000 0.000000 7 1 7 20 6291464 0.500000 0.500000
157 144 -1 0.000000 0.000000 7 6 7 20 6553632 0.500000 0.500000
161 162 23 0.335000 0.729999 6 6 6 9 6553632 1.000000 1.000000
162 163 23 0.335000 0.729999 6 6 6 9 6553632 1.000000 1.000000
163 164 23 0.335000 0.729999 6 6 6 9 6553632 1.000000 1.000000
164 161 23 0.335000 0.729999 6 6 6 9 6553632 1.000000 1.000000
165 166 24 0.335000 0.729999 6 6 6 9 6553632 1.000000 1.000000
166 167 24 0.335000 0.729999 6 6 6 9 262176 1.000000 1.000000
167 168 24 0.335000 0.729999 6 6 6 9 6553632 1.000000 1.000000
168 165 24 0.335000 0.729999 6 6 6 9 6553632 1.000000 1.000000
153 156 11 0.200000 1.000000 1 1 1 1 0 1.000000 1.000000
156 155 11 0.200000 1.000000 1 1 1 1 0 1.000000 1.000000
155 154 11 0.200000 1.000000 1 1 1 1 0 1.000000 1.000000
154 153 11 0.200000 1.000000 1 1 1 1 0 1.000000 1.000000
161 164 21 0.335000 0.729999 1 1 1 3 0 1.000000 1.000000
164 163 21 0.335000 0.729999 1 1 1 3 0 1.000000 1.000000
163 162 21 0.335000 0.729999 1 1 1 3 0 1.000000 1.000000
162 161 21 0.335000 0.729999 1 1 1 3 0 1.000000 1.000000
165 168 21 0.335000 0.729999 1 1 1 3 0 1.000000 1.000000
168 167 21 0.335000 0.729999 1 1 1 3 0 1.000000 1.000000
167 166 21 0.335000 0.729999 1 1 1 3 6291456 1.000000 1.000000
166 165 21 0.335000 0.729999 1 1 1 3 0 1.000000 1.000000
8 174 1 0.000000 1.000000 1 1 1 1 0 1.000000 1.000000
174 173 1 0.000000 1.000000 1 1 1 1 0 1.000000 1.000000
173 172 1 0.000000 1.000000 1 1 1 1 0 1.000000 1.000000
172 170 1 0.000000 1.000000 1 1 1 1 0 1.000000 1.000000
170 8 1 0.000000 1.000000 1 1 1 1 0 1.000000 1.000000
222 218 -1 0.000000 0.000000 1 6 1 20 4194304 1.000000 1.000000
218 219 -1 0.000000 0.000000 1 6 1 20 4194304 1.000000 1.000000
219 223 -1 0.000000 0.000000 1 6 1 20 4194304 1.000000 1.000000
223 222 27 0.300000 0.700000 1 1 1 9 0 1.000000 1.000000
223 221 -1 0.000000 0.000000 1 6 1 20 4194304 1.000000 1.000000
221 220 4 0.300000 0.700000 1 1 1 1 0 1.000000 1.000000
220 222 -1 0.000000 0.000000 1 6 1 20 4194304 1.000000 1.000000
222 223 26 0.300000 0.700000 1 1 1 1 0 1.000000 1.000000
256 255 7 0.000000 1.000000 1 1 1 1 12 1.000000 1.000000
255 259 -1 0.000000 0.000000 1 7 1 20 8 0.500000 0.500000
259 258 8 0.000000 1.000000 1 1 1 1 0 1.000000 1.000000
258 256 -1 0.000000 0.000000 1 7 1 20 8 0.500000 0.500000
266 264 4 0.000000 1.000000 2 2 2 3 0 1.000000 1.000000
264 263 -1 0.000000 0.000000 1 1 1 20 0 1.000000 1.000000
263 265 4 0.000000 1.000000 2 2 2 3 0 1.000000 1.000000
265 266 -1 0.000000 0.000000 1 1 1 20 0 1.000000 1.000000
267 270 8 0.000000 1.000000 8 8 8 9 0 0.500000 0.500000
270 269 8 0.000000 1.000000 8 8 8 9 0 0.500000 0.500000
269 268 8 0.000000 1.000000 8 8 8 9 0 0.500000 0.500000
268 267 8 0.000000 1.000000 7 7 7 9 0 0.500000 0.500000
271 294 6 0.000000 1.000000 1 1 1 3 0 1.000000 1.000000
294 293 6 0.000000 1.000000 1 1 1 3 0 1.000000 1.000000
293 292 6 0.000000 1.000000 1 1 1 3 0 1.000000 1.000000
292 291 6 0.000000 1.000000 1 1 1 3 0 1.000000 1.000000
291 290 6 0.000000 1.000000 1 1 1 3 0 1.000000 1.000000
290 289 6 0.000000 1.000000 1 1 1 3 0 1.000000 1.000000
289 288 6 0.000000 1.000000 1 1 1 3 0 1.000000 1.000000
288 287 6 0.000000 1.000000 1 1 1 3 0 1.000000 1.000000
287 286 6 0.000000 1.000000 1 1 1 3 0 1.000000 1.000000
286 285 6 0.000000 1.000000 1 1 1 3 0 1.000000 1.000000
285 284 6 0.000000 1.000000 1 1 1 3 0 1.000000 1.000000
284 283 6 0.000000 1.000000 1 1 1 3 0 1.000000 1.000000
283 282 6 0.000000 1.000000 1 1 1 3 0 1.000000 1.000000
282 281 6 0.000000 1.000000 1 1 1 3 0 1.000000 1.000000
281 280 6 0.000000 1.000000 1 1 1 3 0 1.000000 1.000000
280 279 6 0.000000 1.000000 1 1 1 3 0 1.000000 1.000000
279 278 6 0.000000 1.000000 1 1 1 3 0 1.000000 1.000000
278 277 6 0.000000 1.000000 1 1 1 3 0 1.000000 1.000000
277 276 6 0.000000 1.000000 1 1 1 3 0 1.000000 1.000000
276 275 6 0.000000 1.000000 1 1 1 3 0 1.000000 1.000000
275 274 6 0.000000 1.000000 1 1 1 3 0 1.000000 1.000000
274 273 6 0.000000 1.000000 1 1 1 3 0 1.000000 1.000000
273 272 6 0.000000 1.000000 1 1 1 3 0 1.000000 1.000000
272 271 6 0.000000 1.000000 1 1 1 3 0 1.000000 1.000000
297 298 40 0.000000 1.000000 6 6 6 1 262184 0.500000 0.500000
298 296 9 0.000000 1.000000 1 1 1 1 0 1.000000 1.000000
296 299 41 0.000000 1.000000 6 6 6 1 262184 0.500000 0.500000
299 297 33 0.000000 1.000000 1 1 1 1 0 1.000000 1.000000
299 295 -1 0.000000 0.000000 7 7 7 20 0 0.500000 0.500000
295 388 -1 0.000000 0.000000 7 7 7 20 0 0.500000 0.500000
388 303 51 0.400000 0.500000 7 7 7 11 0 0.500000 0.500000
303 92 -1 0.000000 0.000000 7 7 7 20 0 0.500000 0.500000
92 93 8 0.000000 1.000000 7 7 7 1 0 0.500000 0.500000
93 387 -1 0.000000 0.000000 7 7 7 20 0 0.500000 0.500000
387 302 52 0.400000 0.500000 7 7 7 11 0 0.500000 0.500000
302 338 -1 0.000000 0.000000 7 7 7 20 0 0.500000 0.500000
338 297 -1 0.000000 0.000000 7 7 7 20 0 0.500000 0.500000
297 297 -1 0.000000 0.000000 7 6 7 20 0 0.500000 0.500000
297 299 32 0.000000 1.000000 11 11 11 1 11 1.000000 1.000000
307 309 -1 0.000000 0.000000 7 7 7 20 0 0.500000 0.500000
309 306 -1 0.000000 0.000000 7 3 7 20 0 0.500000 0.500000
306 308 -1 0.000000 0.000000 7 7 7 20 0 0.500000 0.500000
308 307 9 0.400000 0.500000 1 1 1 1 0 1.000000 1.000000
316 319 4 0.000000 1.000000 1 1 1 1 0 1.000000 1.000000
319 318 4 0.000000 1.000000 1 1 1 1 0 1.000000 1.000000
318 317 4 0.000000 1.000000 1 1 1 1 0 1.000000 1.000000
317 316 4 0.000000 1.000000 1 1 1 1 0 1.000000 1.000000
320 323 4 0.000000 1.000000 1 1 1 1 0 1.000000 1.000000
323 322 4 0.000000 1.000000 1 1 1 1 0 1.000000 1.000000
322 321 4 0.000000 1.000000 1 1 1 1 0 1.000000 1.000000
321 320 4 0.000000 1.000000 1 1 1 1 0 1.000000 1.000000
324 327 4 0.000000 1.000000 1 1 1 1 0 1.000000 1.000000
327 326 4 0.000000 1.000000 1 1 1 1 0 1.000000 1.000000
326 325 4 0.000000 1.000000 1 1 1 1 0 1.000000 1.000000
325 324 4 0.000000 1.000000 1 1 1 1 0 1.000000 1.000000
328 331 4 0.000000 1.000000 1 1 1 1 0 1.000000 1.000000
331 330 4 0.000000 1.000000 1 1 1 1 0 1.000000 1.000000
330 329 4 0.000000 1.000000 1 1 1 1 0 1.000000 1.000000
329 328 4 0.000000 1.000000 1 1 1 1 0 1.000000 1.000000
332 335 4 0.000000 1.000000 1 1 1 1 0 1.000000 1.000000
335 334 4 0.000000 1.000000 1 1 1 1 0 1.000000 1.000000
334 333 4 0.000000 1.000000 1 1 1 1 0 1.000000 1.000000
333 332 4 0.000000 1.000000 1 1 1 1 0 1.000000 1.000000
298 297 32 0.000000 1.000000 1 1 1 1 0 1.000000 1.000000
297 339 -1 0.000000 0.000000 1 6 1 20 262184 1.000000 1.000000
339 340 -1 0.000000 0.000000 1 6 1 20 262184 1.000000 1.000000
340 298 -1 0.000000 0.000000 1 6 1 20 262184 1.000000 1.000000
299 296 32 0.000000 1.000000 1 1 1 1 0 1.000000 1.000000
296 341 -1 0.000000 0.000000 1 6 1 20 262184 1.000000 1.000000
341 342 -1 0.000000 0.000000 1 6 1 20 262184 1.000000 1.000000
342 299 -1 0.000000 0.000000 1 6 1 20 262184 1.000000 1.000000
347 348 -1 0.000000 0.000000 7 6 7 20 262184 0.500000 0.500000
348 353 5 0.000000 1.000000 1 1 1 1 0 1.000000 1.000000
353 354 -1 0.000000 0.000000 7 6 7 20 262184 0.500000 0.500000
354 347 43 0.000000 1.000000 1 1 1 1 0 1.000000 1.000000
354 352 -1 0.000000 0.000000 7 7 7 20 0 0.500000 0.500000
352 350 -1 0.000000 0.000000 7 7 7 20 0 0.500000 0.500000
350 443 -1 0.000000 0.000000 7 7 7 20 0 0.500000 0.500000
443 439 -1 0.000000 0.000000 7 6 7 20 262176 0.500000 0.500000
439 441 -1 0.000000 0.000000 6 6 6 20 262176 0.500000 0.500000
441 442 -1 0.000000 0.000000 7 6 7 20 262176 0.500000 0.500000
442 48 -1 0.000000 0.000000 7 7 7 20 0 0.500000 0.500000
48 47 4 0.000000 1.000000 7 7 7 1 0 0.500000 0.500000
47 51 9 0.000000 1.000000 7 7 7 1 0 0.500000 0.500000
51 445 -1 0.000000 0.000000 7 7 7 20 0 0.500000 0.500000
445 440 -1 0.000000 0.000000 7 6 7 20 262176 0.500000 0.500000
440 438 -1 0.000000 0.000000 0 6 0 20 0 1.000000 1.000000
438 444 -1 0.000000 0.000000 7 6 7 20 262176 0.500000 0.500000
444 55 -1 0.000000 0.000000 7 7 7 20 0 0.500000 0.500000
55 54 -1 0.000000 0.000000 7 7 7 20 0 0.500000 0.500000
54 430 -1 0.000000 0.000000 7 7 7 20 0 0.500000 0.500000
430 427 -1 0.000000 0.000000 7 7 7 20 0 0.500000 0.500000
427 424 -1 0.000000 0.000000 7 7 7 20 0 0.500000 0.500000
424 423 60 0.235000 0.725000 7 7 7 11 0 0.500000 0.500000
423 428 -1 0.000000 0.000000 7 7 7 20 0 0.500000 0.500000
428 429 -1 0.000000 0.000000 7 7 7 20 0 0.500000 0.500000
429 420 -1 0.000000 0.000000 7 7 7 20 0 0.500000 0.500000
420 419 -1 0.000000 0.000000 7 7 7 20 0 0.500000 0.500000
419 418 -1 0.000000 0.000000 7 7 7 20 0 0.500000 0.500000
418 418 -1 0.000000 0.000000 7 7 7 20 0 0.500000 0.500000
418 417 59 0.400000 0.600000 7 7 7 11 0 0.500000 0.500000
417 417 -1 0.000000 0.000000 7 7 7 20 0 0.500000 0.500000
417 416 -1 0.000000 0.000000 7 7 7 20 0 0.500000 0.500000
416 415 -1 0.000000 0.000000 7 7 7 20 0 0.500000 0.500000
415 53 -1 0.000000 0.000000 7 7 7 20 0 0.500000 0.500000
53 52 -1 0.000000 0.000000 7 7 7 20 0 0.500000 0.500000
52 345 -1 0.000000 0.000000 7 7 7 20 0 0.500000 0.500000
345 346 -1 0.000000 0.000000 7 7 7 20 0 0.500000 0.500000
346 347 -1 0.000000 0.000000 7 7 7 20 0 0.500000 0.500000
347 354 42 0.000000 1.000000 11 11 11 1 11 1.000000 1.000000
355 356 44 0.000000 0.999999 1 1 1 3 0 1.000000 1.000000
356 357 44 0.000000 0.999999 1 1 1 3 0 1.000000 1.000000
357 358 44 0.000000 0.999999 1 1 1 3 0 1.000000 1.000000
358 355 44 0.000000 0.999999 1 1 1 3 0 1.000000 1.000000
440 438 -1 0.000000 0.000000 6 6 6 2 0 1.000000 1.000000
440 441 64 0.000000 0.900000 6 6 6 3 0 0.500000 0.500000
439 441 -1 0.000000 0.000000 6 6 6 2 262176 1.000000 1.000000
439 438 64 0.000000 0.900000 6 6 6 3 0 0.500000 0.500000
355 358 43 0.000000 0.999999 8 8 8 1 0 0.700000 0.700000
358 357 43 0.000000 0.999999 8 8 8 1 0 0.700000 0.700000
357 356 43 0.000000 0.999999 8 8 8 1 0 0.700000 0.700000
356 355 43 0.000000 0.999999 8 8 8 1 0 0.700000 0.700000
359 360 5 0.400000 0.600000 1 1 1 1 0 1.000000 1.000000
360 361 -1 0.000000 0.000000 1 7 1 20 0 1.000000 1.000000
361 362 -1 0.000000 0.000000 1 5 1 20 7340032 1.000000 1.000000
362 359 -1 0.000000 0.000000 1 7 1 20 0 1.000000 1.000000
363 366 5 0.000000 0.999999 1 1 1 1 0 1.000000 1.000000
366 365 5 0.000000 0.999999 1 1 1 1 0 1.000000 1.000000
365 364 5 0.000000 0.999999 1 1 1 1 0 1.000000 1.000000
364 363 5 0.000000 0.999999 1 1 1 1 0 1.000000 1.000000
376 377 -1 0.000000 0.000000 6 6 6 20 262184 1.000000 1.000000
377 375 4 0.000000 1.000000 1 1 1 1 0 1.000000 1.000000
375 374 -1 0.000000 0.000000 6 6 6 20 262184 1.000000 1.000000
374 376 4 0.000000 1.000000 1 1 1 1 0 1.000000 1.000000
26 378 4 0.400000 0.500000 1 1 1 1 0 1.000000 1.000000
378 379 -1 0.000000 0.000000 1 1 1 20 0 1.000000 1.000000
379 380 -1 0.000000 0.000000 1 5 1 20 7340032 1.000000 1.000000
380 26 -1 0.000000 0.000000 1 1 1 20 0 1.000000 1.000000
381 368 4 0.400000 0.500000 1 1 1 1 0 1.000000 1.000000
368 382 -1 0.000000 0.000000 1 1 1 20 0 1.000000 1.000000
382 383 -1 0.000000 0.000000 1 5 1 20 7340032 1.000000 1.000000
383 381 -1 0.000000 0.000000 1 1 1 20 0 1.000000 1.000000
305 384 9 0.400000 0.500000 1 1 1 1 0 1.000000 1.000000
384 385 -1 0.000000 0.000000 1 1 1 20 0 1.000000 1.000000
385 386 -1 0.000000 0.000000 1 5 1 20 7340032 1.000000 1.000000
386 305 -1 0.000000 0.000000 1 1 1 20 0 1.000000 1.000000
303 388 33 0.400000 0.500000 1 1 1 1 0 1.000000 1.000000
388 389 -1 0.000000 0.000000 1 1 1 20 0 1.000000 1.000000
389 390 -1 0.000000 0.000000 1 5 1 20 7340032 1.000000 1.000000
390 303 -1 0.000000 0.000000 1 1 1 20 0 1.000000 1.000000
302 387 33 0.400000 0.500000 1 1 1 1 0 1.000000 1.000000
387 391 -1 0.000000 0.000000 1 1 1 20 0 1.000000 1.000000
391 392 -1 0.000000 0.000000 1 5 1 20 7340032 1.000000 1.000000
392 302 -1 0.000000 0.000000 1 1 1 20 0 1.000000 1.000000
394 367 4 0.400000 0.500000 1 1 1 1 0 1.000000 1.000000
367 395 -1 0.000000 0.000000 1 1 1 20 0 1.000000 1.000000
395 396 -1 0.000000 0.000000 1 5 1 20 7340032 1.000000 1.000000
396 394 -1 0.000000 0.000000 1 1 1 20 0 1.000000 1.000000
393 373 4 0.400000 0.500000 1 1 1 1 0 1.000000 1.000000
373 397 -1 0.000000 0.000000 1 1 1 20 0 1.000000 1.000000
397 398 -1 0.000000 0.000000 1 5 1 20 7340032 1.000000 1.000000
398 393 -1 0.000000 0.000000 1 1 1 20 0 1.000000 1.000000
399 402 4 0.000000 1.000000 1 1 1 3 0 0.500000 0.500000
402 401 4 0.000000 1.000000 1 1 1 3 0 0.500000 0.500000
401 400 4 0.000000 1.000000 1 1 1 3 0 0.500000 0.500000
400 399 4 0.000000 1.000000 1 1 1 3 0 0.500000 0.500000
403 406 4 0.000000 1.000000 1 1 1 3 0 0.500000 0.500000
406 405 4 0.000000 1.000000 1 1 1 3 0 0.500000 0.500000
405 404 4 0.000000 1.000000 1 1 1 3 0 0.500000 0.500000
404 403 4 0.000000 1.000000 1 1 1 3 0 0.500000 0.500000
407 410 4 0.000000 1.000000 1 1 1 3 0 0.500000 0.500000
410 409 4 0.000000 1.000000 1 1 1 3 0 0.500000 0.500000
409 408 4 0.000000 1.000000 1 1 1 3 0 0.500000 0.500000
408 407 4 0.000000 1.000000 1 1 1 3 0 0.500000 0.500000
411 414 4 0.000000 1.000000 1 1 1 3 0 0.500000 0.500000
414 413 4 0.000000 1.000000 1 1 1 3 0 0.500000 0.500000
413 412 4 0.000000 1.000000 1 1 1 3 0 0.500000 0.500000
412 411 4 0.000000 1.000000 1 1 1 3 0 0.500000 0.500000
417 418 43 0.400000 0.600000 1 1 1 1 0 1.000000 1.000000
418 421 -1 0.000000 0.000000 1 3 1 20 0 1.000000 1.000000
421 422 -1 0.000000 0.000000 1 3 1 20 0 1.000000 1.000000
422 417 -1 0.000000 0.000000 1 3 1 20 0 1.000000 1.000000
423 424 43 0.235000 0.725000 1 1 1 1 0 1.000000 1.000000
424 425 -1 0.000000 0.000000 1 12 1 20 15 1.000000 1.000000
425 426 -1 0.000000 0.000000 1 13 1 20 22020111 1.000000 1.000000
426 423 -1 0.000000 0.000000 1 12 1 20 15 1.000000 1.000000
431 431 10 0.000000 1.000000 1 1 1 1 0 1.000000 1.000000
431 431 10 0.000000 1.000000 6 6 6 1 5242880 1.000000 1.000000
433 98 -1 0.000000 0.000000 7 7 7 20 0 0.500000 0.500000
98 96 -1 0.000000 0.000000 7 7 7 20 0 0.500000 0.500000
96 433 10 0.000000 1.000000 1 1 1 1 0 1.000000 1.000000
434 74 -1 0.000000 0.000000 1 7 1 20 6291456 0.500000 0.500000
74 437 -1 0.000000 0.000000 1 7 1 20 6291456 0.500000 0.500000
437 96 10 0.000000 1.000000 1 1 1 1 0 1.000000 1.000000
96 95 -1 0.000000 0.000000 1 7 1 20 6291456 0.500000 0.500000
95 95 10 0.000000 1.000000 1 1 1 1 0 1.000000 1.000000
95 436 10 0.000000 1.000000 1 1 1 1 0 1.000000 1.000000
436 435 -1 0.000000 0.000000 1 7 1 20 6291456 0.500000 0.500000
435 431 10 0.000000 1.000000 1 1 1 1 0 1.000000 1.000000
431 431 10 0.000000 1.000000 1 1 1 1 0 1.000000 1.000000
431 434 10 0.000000 1.000000 1 1 1 1 0 1.000000 1.000000
438 439 43 0.000000 0.900000 1 1 1 1 0 1.000000 1.000000
439 441 -1 0.000000 0.000000 6 6 6 20 262176 1.000000 1.000000
441 440 43 0.000000 0.900000 1 1 1 1 0 1.000000 1.000000
440 438 -1 0.000000 0.000000 6 6 6 20 262176 1.000000 1.000000
446 40 4 0.265000 0.734999 1 1 1 1 0 1.000000 1.000000
40 447 -1 0.000000 0.000000 1 1 1 20 6291456 1.000000 1.000000
447 448 -1 0.000000 0.000000 1 5 1 20 7340032 1.000000 1.000000
448 446 -1 0.000000 0.000000 1 1 1 20 6291456 1.000000 1.000000
449 452 4 0.000000 1.000000 1 1 1 1 0 1.000000 1.000000
452 451 4 0.000000 1.000000 1 1 1 1 0 1.000000 1.000000
451 450 4 0.000000 1.000000 1 1 1 1 0 1.000000 1.000000
450 449 4 0.000000 1.000000 1 1 1 1 0 1.000000 1.000000
459 458 4 0.265000 0.734999 1 1 1 1 0 1.000000 1.000000
458 460 -1 0.000000 0.000000 1 1 1 20 6291456 1.000000 1.000000
460 461 -1 0.000000 0.000000 1 1 1 20 6291456 1.000000 1.000000
461 459 -1 0.000000 0.000000 1 1 1 20 6291456 1.000000 1.000000
462 465 4 0.100000 0.900000 1 1 1 1 0 1.000000 1.000000
465 464 4 0.100000 0.900000 1 1 1 1 0 1.000000 1.000000
464 463 4 0.100000 0.900000 1 1 1 1 0 1.000000 1.000000
463 462 4 0.100000 0.900000 1 1 1 1 0 1.000000 1.000000
466 473 -1 0.000000 0.000000 1 5 1 20 7340032 1.000000 1.000000
473 472 -1 0.000000 0.000000 1 5 1 20 7340032 1.000000 1.000000
472 467 -1 0.000000 0.000000 1 5 1 20 7340032 1.000000 1.000000
467 468 -1 0.000000 0.000000 1 5 1 20 7340032 1.000000 1.000000
468 475 -1 0.000000 0.000000 1 5 1 20 7340032 1.000000 1.000000
475 474 -1 0.000000 0.000000 1 5 1 20 7340032 1.000000 1.000000
474 469 -1 0.000000 0.000000 1 5 1 20 7340032 1.000000 1.000000
469 466 -1 0.000000 0.000000 1 5 1 20 7340032 1.000000 1.000000
476 477 69 0.100000 0.900000 1 1 1 1 0 1.000000 1.000000
477 478 69 0.100000 0.900000 1 1 1 1 0 1.000000 1.000000
478 479 69 0.100000 0.900000 1 1 1 1 0 1.000000 1.000000
479 476 69 0.100000 0.900000 1 1 1 1 0 1.000000 1.000000
480 481 70 0.100000 0.900000 1 1 1 1 0 1.000000 1.000000
481 482 70 0.100000 0.900000 1 1 1 1 0 1.000000 1.000000
482 483 70 0.100000 0.900000 1 1 1 1 0 1.000000 1.000000
483 480 70 0.100000 0.900000 1 1 1 1 0 1.000000 1.000000
476 479 68 0.100000 0.900000 1 1 1 11 0 1.000000 1.000000
479 478 68 0.100000 0.900000 1 1 1 11 0 1.000000 1.000000
478 477 68 0.100000 0.900000 1 1 1 11 0 1.000000 1.000000
477 476 68 0.100000 0.900000 1 1 1 11 0 1.000000 1.000000
480 483 68 0.100000 0.900000 1 1 1 11 0 1.000000 1.000000
483 482 68 0.100000 0.900000 1 1 1 11 0 1.000000 1.000000
482 481 68 0.100000 0.900000 1 1 1 11 0 1.000000 1.000000
481 480 68 0.100000 0.900000 1 1 1 11 0 1.000000 1.000000
489 490 11 0.300000 0.700000 1 1 1 1 0 1.000000 1.000000
490 176 11 0.300000 0.700000 1 1 1 1 0 1.000000 1.000000
176 488 -1 0.000000 0.000000 1 7 1 20 6291456 1.000000 1.000000
488 489 11 0.300000 0.700000 1 1 1 1 0 1.000000 1.000000
491 177 -1 0.000000 0.000000 1 7 1 20 6291456 0.500000 0.500000
177 493 11 0.000000 1.000000 1 1 1 1 0 1.000000 1.000000
493 492 11 0.000000 1.000000 1 1 1 1 0 1.000000 1.000000
492 491 11 0.000000 1.000000 1 1 1 1 0 1.000000 1.000000
498 496 -1 0.000000 0.000000 1 6 1 20 4194304 1.000000 1.000000
496 497 -1 0.000000 0.000000 1 6 1 20 4194304 1.000000 1.000000
497 499 -1 0.000000 0.000000 1 6 1 20 4194304 1.000000 1.000000
499 498 74 0.200000 0.900000 1 1 1 1 0 1.000000 1.000000
499 494 -1 0.000000 0.000000 1 6 1 20 0 1.000000 1.000000
494 495 4 0.200000 0.900000 0 0 0 1 0 1.000000 1.000000
495 498 -1 0.000000 0.000000 1 6 1 20 0 1.000000 1.000000
498 499 73 0.200000 0.900000 1 1 1 1 0 1.000000 1.000000
SECTORS 75
0 6 6 0.000000 1.000000 8 1 0 0 0 0 0.000000 0.000000 1.000000 1.000000 0.000000 0.000000 0.700000 0.700000 0.000000 0.500000 0.500000 0.000000
6 22 22 0.000000 1.000000 8 1 0 0 0 0 0.000000 0.000000 1.000000 1.000000 0.000000 0.000000 0.700000 0.700000 0.000000 0.500000 0.500000 0.000000
28 4 4 0.000000 1.000000 8 1 0 0 0 0 0.000000 0.000000 1.000000 1.000000 0.000000 0.000000 0.700000 0.700000 0.000000 0.500000 0.500000 0.000000
32 13 13 -0.200000 1.000000 8 1 0 0 0 0 -0.300000 0.000000 1.000000 1.000000 0.000000 0.000000 0.700000 0.700000 0.000000 0.500000 0.500000 0.000000
45 169 169 0.000000 1.000000 8 1 0 0 0 0 0.000000 0.600000 1.000000 1.000000 0.200000 0.000000 0.700000 0.700000 0.000000 0.500000 0.500000 0.000000
214 18 18 0.000000 1.000000 8 1 0 0 0 0 0.000000 0.000000 1.000000 1.000000 0.000000 0.000000 0.700000 0.700000 0.000000 0.500000 0.500000 0.000000
232 36 36 0.000000 1.000000 8 1 0 0 0 0 0.000000 0.000000 1.000000 1.000000 0.000000 0.000000 0.700000 0.700000 0.000000 0.500000 0.500000 0.000000
268 16 16 0.000000 1.000000 8 1 0 0 0 0 0.000000 0.000000 1.000000 1.000000 0.000000 0.000000 0.700000 0.700000 0.000000 0.500000 0.500000 0.000000
284 56 56 0.000000 1.000000 8 1 0 0 0 0 0.000000 0.000000 1.000000 1.000000 0.000000 0.000000 0.700000 0.700000 0.000000 0.500000 0.500000 0.000000
340 14 14 0.000000 1.000000 8 1 0 0 0 0 0.000000 0.000000 1.000000 1.000000 0.000000 0.000000 0.700000 0.700000 0.000000 0.500000 0.500000 0.000000
354 35 35 0.000000 1.000000 8 1 0 0 0 0 0.000000 0.000000 1.000000 1.000000 0.000000 0.000000 0.700000 0.700000 0.000000 0.500000 0.500000 0.000000
389 48 48 0.000000 1.000000 8 1 0 0 0 0 0.000000 0.000000 1.000000 1.000000 0.000000 0.000000 0.700000 0.700000 0.000000 0.500000 0.500000 0.000000
437 4 4 -0.200000 1.000000 6 1 0 0 0 0 -0.200000 -0.200000 1.000000 1.000000 0.000000 0.000000 1.000000 1.000000 1.570796 0.500000 0.500000 0.000000
441 4 4 -0.400000 1.000000 6 1 0 0 0 0 -0.400000 -0.400000 1.000000 1.000000 0.000000 0.000000 1.000000 1.000000 1.570796 0.500000 0.500000 0.000000
445 4 4 -0.600000 1.000000 6 1 0 0 0 0 -0.600000 -0.600000 1.000000 1.000000 0.000000 0.000000 1.000000 1.000000 1.570796 0.500000 0.500000 0.000000
449 4 4 -0.800000 1.000000 6 1 0 0 0 0 -0.800000 -0.800000 1.000000 1.000000 0.000000 0.000000 1.000000 1.000000 1.570796 0.500000 0.500000 0.000000
453 4 4 -1.000000 1.000000 6 1 0 0 0 0 -1.000000 -1.000000 1.000000 1.000000 0.000000 0.000000 1.000000 1.000000 1.570796 0.500000 0.500000 0.000000
457 4 4 -1.200000 0.500000 8 1 0 0 0 0 -1.200000 -1.200000 0.500000 0.500000 0.000000 0.000000 1.000000 1.000000 0.000000 0.500000 0.500000 0.000000
461 4 4 -1.200000 -0.200000 8 1 0 0 0 0 -1.200000 -1.200000 -0.200000 -0.200000 0.000000 0.000000 0.700000 0.700000 0.000000 0.500000 0.500000 0.000000
465 10 10 0.000000 1.500000 8 255 3 0 0 0 0.000000 0.000000 1.500000 1.500000 0.000000 0.000000 0.700000 0.700000 0.000000 0.500000 0.500000 0.000000
475 4 4 0.000000 0.900000 2 6 0 0 0 0 0.000000 0.000000 0.900000 0.900000 0.000000 0.000000 0.500000 0.500000 0.000000 0.500000 0.500000 0.000000
479 14 14 0.235000 0.729999 7 7 6 0 0 0 0.235000 0.235000 0.729999 0.729999 0.000000 0.000000 1.000000 1.000000 0.000000 1.000000 1.000000 0.000000
493 4 4 0.200000 1.000000 6 1 4 0 0 0 0.200000 0.200000 1.000000 1.000000 0.000000 0.000000 0.700000 0.700000 0.000000 0.500000 0.500000 0.000000
497 4 4 0.335000 0.730000 6 7 6 0 0 0 0.335000 0.335000 0.730000 0.730000 0.000000 0.000000 1.000000 1.000000 0.000000 1.000000 1.000000 0.000000
501 4 4 0.335000 0.730000 6 7 6 0 0 0 0.335000 0.335000 0.730000 0.730000 0.000000 0.000000 1.000000 1.000000 0.000000 1.000000 1.000000 0.000000
505 5 5 0.000000 1.000000 8 1 7 0 1 2 0.000000 1.000000 1.000000 1.000000 0.500000 0.000000 0.700000 0.700000 0.000000 0.500000 0.500000 0.000000
510 4 4 0.290000 0.700000 5 6 6 0 0 0 0.290000 0.290000 0.700000 0.700000 0.000000 0.000000 0.300000 0.300000 1.570796 1.000000 1.000000 1.570796
514 4 4 0.300000 0.700000 6 6 3 0 0 0 0.300000 0.300000 0.700000 0.700000 0.000000 0.000000 1.000000 1.000000 1.570796 1.000000 1.000000 1.570796
518 4 4 0.000000 1.000000 8 7 0 0 4 4 -0.000000 0.000000 0.002000 1.000000 -0.300000 1.000000 0.500000 0.500000 0.000000 1.000000 1.000000 1.570796
522 4 4 0.000000 1.001000 6 1 0 0 3 1 0.000000 1.000000 1.000000 1.010000 0.700000 0.000000 0.700000 0.700000 1.570796 0.500000 0.500000 0.000000
526 4 4 -0.100000 1.000000 5 1 0 0 1 0 -1.000000 -0.100000 0.000000 1.000000 0.200000 0.000000 0.700000 0.700000 0.000000 0.500000 0.500000 0.000000
530 24 24 0.000000 1.100000 8 2 0 0 6 1 0.000000 1.000000 1.000000 1.100000 0.200000 0.000000 0.700000 0.700000 0.000000 0.500000 0.500000 0.000000
554 4 4 0.000000 1.000000 8 6 0 0 2 4 0.000000 1.000000 -0.000000 1.000000 0.000000 1.500000 0.700000 0.700000 1.570796 0.500000 0.500000 0.000000
558 11 11 0.000000 1.000000 8 1 0 0 0 0 0.000000 0.000000 1.000000 1.000000 0.000000 0.000000 0.700000 0.700000 0.000000 0.500000 0.500000 0.000000
569 4 4 0.400000 0.500000 8 1 0 0 0 0 0.000000 0.400000 0.500000 1.000000 0.000000 0.000000 0.700000 0.700000 0.000000 0.500000 0.500000 0.000000
573 4 4 0.000000 1.000000 8 1 0 0 5 1 0.000000 1.000000 1.000000 2.000000 1.500000 0.000000 1.000000 1.000000 0.000000 1.000000 1.000000 0.000000
577 4 4 0.000000 1.000000 8 1 0 0 5 1 0.000000 1.000000 1.000000 2.000000 1.500000 0.000000 1.000000 1.000000 0.000000 1.000000 1.000000 0.000000
581 4 4 0.000000 1.000000 8 1 0 0 5 1 0.000000 1.000000 1.000000 2.000000 1.500000 0.000000 1.000000 1.000000 0.000000 1.000000 1.000000 0.000000
585 4 4 0.000000 1.000000 8 1 0 0 5 1 0.000000 1.000000 1.000000 2.000000 1.500000 0.000000 1.000000 1.000000 0.000000 1.000000 1.000000 0.000000
589 4 4 0.000000 1.000000 8 1 0 0 5 1 0.000000 1.000000 1.000000 2.000000 1.500000 0.000000 1.000000 1.000000 0.000000 1.000000 1.000000 0.000000
593 4 4 0.000000 1.000000 8 6 0 0 2 4 0.000000 1.000000 -0.000000 1.000000 0.000000 1.500000 0.700000 0.700000 1.570796 0.500000 0.500000 0.000000
597 4 4 0.000000 1.000000 8 6 0 0 2 4 0.000000 1.000000 -0.000000 1.000000 0.000000 1.500000 0.700000 0.700000 1.570796 0.500000 0.500000 0.000000
601 4 4 0.000000 1.000000 8 11 0 0 7 4 0.000000 0.000000 -0.000000 1.000000 0.000000 0.700000 0.700000 0.700000 0.000000 0.500000 0.500000 0.000000
605 43 43 0.000000 1.000000 8 1 0 0 0 0 0.000000 0.000000 1.000000 1.000000 0.000000 0.000000 0.700000 0.700000 0.000000 0.500000 0.500000 0.000000
648 4 4 0.000000 0.999999 12 1 0 15 7 1 -0.100000 0.000000 0.999999 2.000000 0.133000 0.000000 1.000000 1.000000 0.000000 0.500000 0.500000 0.000000
652 4 4 0.400000 0.600000 7 7 0 0 0 0 0.000000 0.400000 0.600000 2.000000 0.000000 0.000000 1.000000 1.000000 0.000000 1.000000 1.000000 0.000000
656 4 4 0.000000 0.999999 12 1 0 15 7 1 -0.100000 0.000000 0.999999 2.000000 0.133000 0.000000 1.000000 1.000000 0.000000 0.500000 0.500000 0.000000
660 4 4 0.000000 1.000000 8 11 0 1 8 4 0.000000 0.000000 -0.000000 1.000000 0.000000 1.500000 0.700000 0.700000 1.570796 1.000000 1.000000 1.570796
664 4 4 0.400000 0.500000 8 1 0 0 0 0 0.000000 0.400000 0.500000 1.000000 0.000000 0.000000 0.700000 0.700000 0.000000 0.500000 0.500000 0.000000
668 4 4 0.400000 0.500000 8 1 0 0 0 0 0.000000 0.400000 0.500000 1.000000 0.000000 0.000000 0.700000 0.700000 0.000000 0.500000 0.500000 0.000000
672 4 4 0.400000 0.500000 8 1 0 0 0 0 0.000000 0.400000 0.500000 1.000000 0.000000 0.000000 0.700000 0.700000 0.000000 0.500000 0.500000 0.000000
676 4 4 0.400000 0.500000 8 1 0 0 0 0 0.000000 0.400000 0.500000 1.000000 0.000000 0.000000 0.700000 0.700000 0.000000 0.500000 0.500000 0.000000
680 4 4 0.400000 0.500000 8 1 0 0 0 0 0.000000 0.400000 0.500000 1.000000 0.000000 0.000000 0.700000 0.700000 0.000000 0.500000 0.500000 0.000000
684 4 4 0.400000 0.500000 8 1 0 0 0 0 0.000000 0.400000 0.500000 1.000000 0.000000 0.000000 0.700000 0.700000 0.000000 0.500000 0.500000 0.000000
688 4 4 0.400000 0.500000 8 1 0 0 0 0 0.000000 0.400000 0.500000 1.000000 0.000000 0.000000 0.700000 0.700000 0.000000 0.500000 0.500000 0.000000
692 4 4 0.000000 1.200000 8 255 7 0 0 0 0.000000 0.000000 1.200000 2.000000 0.000000 0.000000 0.700000 0.700000 0.000000 1.000000 1.000000 0.000000
696 4 4 0.000000 1.200000 8 255 7 0 0 0 0.000000 0.000000 1.200000 2.000000 0.000000 0.000000 0.700000 0.700000 0.000000 1.000000 1.000000 0.000000
700 4 4 0.000000 1.200000 8 255 7 0 0 0 0.000000 0.000000 1.200000 2.000000 0.000000 0.000000 0.700000 0.700000 0.000000 1.000000 1.000000 0.000000
704 4 4 0.000000 1.200000 8 255 7 0 0 0 0.000000 0.000000 1.200000 2.000000 0.000000 0.000000 0.700000 0.700000 0.000000 1.000000 1.000000 0.000000
708 4 4 0.400000 0.600000 6 1 0 0 0 0 0.000000 0.400000 0.600000 2.000000 0.000000 0.000000 1.000000 1.000000 0.000000 1.000000 1.000000 0.000000
712 4 4 0.235000 0.725000 12 12 0 15 0 0 0.000000 0.235000 0.725000 2.000000 0.000000 0.000000 1.000000 1.000000 0.000000 1.000000 1.000000 0.000000
716 2 2 0.000000 1.000000 8 1 7 0 0 0 0.000000 0.000000 1.000000 2.000000 0.000000 0.000000 0.700000 0.700000 0.000000 0.500000 0.500000 0.000000
718 3 3 0.000000 1.000000 8 1 0 0 0 0 0.000000 0.000000 1.000000 1.000000 0.000000 0.000000 0.700000 0.700000 0.000000 0.500000 0.500000 0.000000
721 10 10 0.000000 1.000000 8 1 6 0 0 0 0.000000 0.000000 1.000000 2.000000 0.000000 0.000000 0.700000 0.700000 0.000000 0.500000 0.500000 0.000000
731 4 4 0.000000 0.900000 8 6 0 0 0 0 0.000000 0.000000 0.900000 2.000000 0.000000 0.000000 0.700000 0.700000 0.000000 0.500000 0.500000 1.570796
735 4 4 0.265000 0.734999 7 7 6 0 0 0 0.000000 0.265000 0.734999 2.000000 0.000000 0.000000 1.000000 1.000000 0.000000 1.000000 1.000000 0.000000
739 4 4 0.000000 1.000000 8 1 5 0 0 0 0.000000 0.000000 1.000000 2.000000 0.000000 0.000000 0.700000 0.700000 0.000000 0.500000 0.500000 0.000000
743 4 4 0.265000 0.734999 12 7 6 15 0 0 0.000000 0.265000 0.734999 2.000000 0.000000 0.000000 1.000000 1.000000 0.000000 1.000000 1.000000 0.000000
747 20 20 0.100000 0.900000 12 12 0 15 0 0 0.000000 0.100000 0.900000 2.000000 0.000000 0.000000 0.700000 0.700000 0.000000 0.500000 0.500000 0.000000
767 4 4 0.000000 1.200000 3 255 6 0 0 0 0.000000 0.000000 1.200000 2.000000 0.000000 0.000000 1.000000 1.000000 0.000000 1.000000 1.000000 0.000000
771 4 4 0.000000 1.200000 3 255 6 0 0 0 0.000000 0.000000 1.200000 2.000000 0.000000 0.000000 1.000000 1.000000 0.000000 1.000000 1.000000 0.000000
775 4 4 0.300000 0.700000 4 4 3 0 0 0 0.000000 0.300000 0.700000 2.000000 0.000000 0.000000 0.700000 0.700000 0.000000 0.500000 0.500000 0.000000
779 4 4 0.000000 1.000000 8 1 6 0 0 0 0.000000 0.000000 1.000000 2.000000 0.000000 0.000000 0.700000 0.700000 0.000000 0.500000 0.500000 0.000000
783 4 4 0.200000 0.900000 6 6 5 0 0 0 0.000000 0.200000 0.900000 2.000000 0.000000 0.000000 1.000000 1.000000 0.000000 1.000000 1.000000 0.000000
787 4 4 0.200000 0.900000 6 6 0 0 0 0 0.000000 0.200000 0.900000 2.000000 0.000000 0.000000 1.000000 1.000000 0.000000 1.000000 1.000000 0.000000
OBJECTS 21
-20.000000 -30.000000 0.000000 0 4 1 1 1.399998 1 8 4 0.000000 0.000000
-29.100000 -18.000000 0.000000 3 3 1 1 1.150000 1 2 1 0.000000 0.000000
-14.000000 -20.000000 0.000000 0 2 1 1 1.350000 1 8 4 0.000000 0.000000
-32.000000 -16.800001 0.000000 0 5 1 2 0.650000 1 2 0 0.000000 0.000000
-32.200001 -13.800000 0.000000 0 5 0 2 0.650000 1 1 0 0.000000 0.000000
-32.000000 -28.000000 0.000000 0 6 1 2 1.750000 1 2 0 0.000000 0.000000
-32.000000 -26.000000 0.000000 0 6 1 2 0.950000 1 1 0 0.000000 0.000000
-24.800001 -18.000000 0.000000 0 7 1 1 0.450000 1 10 5 0.000000 0.000000
-27.200001 -18.000000 0.000000 0 7 1 1 0.450000 1 10 5 0.000000 0.000000
-18.000000 -16.200001 0.000000 0 8 1 1 1.550000 1 8 4 0.000000 0.000000
-22.000000 -30.000000 0.000000 10 11 0 4 0.050000 1 0 0 0.000000 0.000000
0.000000 0.000000 0.000000 11 10 0 4 0.500001 1 0 0 0.000000 0.000000
-8.000000 -33.000000 0.000000 2 3 0 4 0.350000 1 0 0 0.000000 0.000000
-24.000000 -27.000000 0.000000 3 2 0 4 0.350000 1 0 0 0.000000 0.000000
-14.900001 -5.900000 -0.200000 0 0 0 0 0.350000 200 0 0 0.600000 0.600000
-22.000000 -10.000000 0.000000 0 0 0 0 0.350000 13 0 0 0.600000 1.000000
-20.000000 -10.000000 0.000000 0 0 0 0 0.350000 0 0 0 1.000000 0.500000
-18.000000 -10.000000 0.000000 0 0 0 0 0.350000 4 0 0 0.300000 0.300000
-18.000000 -8.000000 0.000000 0 0 0 0 0.350000 200 0 0 0.700000 0.700000
-20.000000 -8.000000 0.000000 0 0 0 0 0.350000 200 0 0 0.700000 0.700000
-22.000000 -8.000000 0.000000 0 0 0 0 0.350000 200 0 0 0.700000 0.700000
