MAPEDIT5
START -3.000000 -1.000000 0.000000 0
VERTS 12
-7.000000 -4.000000
-4.000000 5.000000
7.000000 -2.000000
2.000000 -8.000000
-1.000000 -4.000000
2.000000 -4.000000
2.000000 -0.000000
-1.000000 0.000000
-4.000000 -4.000000
-1.100000 -4.000000
-1.100000 -2.000000
-4.000000 -2.000000
WALLS 20
0 1 -1 0.000000 0.000000 1 1 1 20 0 1.000000 1.000000
1 2 -1 0.000000 0.000000 1 1 1 20 0 1.000000 1.000000
2 3 -1 0.000000 0.000000 1 1 1 20 0 1.000000 1.000000
3 0 -1 0.000000 0.000000 1 1 1 20 0 1.000000 1.000000
4 5 1 0.600000 2.000000 1 1 1 9 0 1.000000 1.000000
5 6 1 0.600000 2.000000 1 1 1 9 0 1.000000 1.000000
6 7 1 0.600000 2.000000 1 1 1 9 0 1.000000 1.000000
7 4 1 0.600000 2.000000 1 1 1 9 0 1.000000 1.000000
8 9 2 0.300000 2.000000 1 1 1 9 0 1.000000 1.000000
9 10 2 0.300000 2.000000 1 1 1 9 0 1.000000 1.000000
10 11 2 0.300000 2.000000 1 1 1 9 0 1.000000 1.000000
11 8 2 0.300000 2.000000 1 1 1 9 0 1.000000 1.000000
4 7 0 0.600000 2.000000 1 1 1 1 0 1.000000 1.000000
7 6 0 0.600000 2.000000 1 1 1 1 0 1.000000 1.000000
6 5 0 0.600000 2.000000 1 1 1 1 0 1.000000 1.000000
5 4 0 0.600000 2.000000 1 1 1 1 0 1.000000 1.000000
8 11 0 0.300000 2.000000 1 1 1 1 0 1.000000 1.000000
11 10 0 0.300000 2.000000 1 1 1 1 0 1.000000 1.000000
10 9 0 0.300000 2.000000 1 1 1 1 0 1.000000 1.000000
9 8 0 0.300000 2.000000 1 1 1 1 0 1.000000 1.000000
SECTORS 3
0 12 12 0.000000 2.000000 3 255 0 0 0 0.000000 0.000000 2.000000 2.000000 0.000000 0.000000 1.000000 1.000000 0.000000 1.000000 1.000000 0.000000
12 4 4 0.600000 2.000000 3 255 0 0 0 0.000000 0.000000 2.000000 2.000000 0.000000 0.000000 1.000000 1.000000 0.000000 1.000000 1.000000 0.000000
16 4 4 0.300000 2.000000 3 255 0 0 0 0.000000 0.000000 2.000000 2.000000 0.000000 0.000000 1.000000 1.000000 0.000000 1.000000 1.000000 0.000000
OBJECTS 0
