MAPEDIT5
START -1.100000 -0.600000 0.000000 0
VERTS 23
-8.000000 -4.000000
0.000000 4.000000
8.000000 -4.000000
-1.400000 -2.900000
-0.000000 -2.900000
-0.000000 -2.000000
-0.200000 -2.000000
-0.200000 -2.700000
-1.200000 -2.700000
-1.200000 -2.000000
-1.400000 -2.000000
1.000000 -2.000000
1.100000 -3.300000
1.200000 -3.500000
1.300000 -3.600000
1.500000 -3.600000
1.600000 -3.500000
1.700000 -3.300000
1.800000 -2.000000
1.700000 -1.800000
1.600000 -1.700000
1.200000 -1.700000
1.100000 -1.800000
WALLS 51
0 1 -1 0.000000 0.000000 1 1 1 20 5 1.000000 1.000000
1 2 -1 0.000000 0.000000 1 1 1 20 7340037 1.000000 1.000000
2 0 -1 0.000000 0.000000 0 10 0 84 7340032 1.000000 1.000000
3 4 1 0.000000 2.000000 6 6 6 1 0 1.000000 1.000000
4 5 1 0.000000 2.000000 6 6 6 1 0 1.000000 1.000000
5 6 1 0.000000 2.000000 6 6 6 1 0 1.000000 1.000000
6 7 1 0.000000 2.000000 1 1 1 1 0 1.000000 1.000000
7 8 1 0.000000 2.000000 1 1 1 1 0 1.000000 1.000000
8 9 1 0.000000 2.000000 1 1 1 1 0 1.000000 1.000000
9 10 1 0.000000 2.000000 6 6 6 1 0 1.000000 1.000000
10 3 1 0.000000 2.000000 6 6 6 1 0 1.000000 1.000000
7 6 2 0.000000 2.000000 1 1 1 1 0 1.000000 1.000000
6 9 2 0.000000 2.000000 6 6 6 1 0 1.000000 1.000000
9 8 2 0.000000 2.000000 1 1 1 1 0 1.000000 1.000000
8 7 2 0.000000 2.000000 1 1 1 1 0 1.000000 1.000000
11 12 3 0.000000 2.000000 4 4 4 1 7340032 1.000000 1.000000
12 13 3 0.000000 2.000000 4 4 4 1 7340032 1.000000 1.000000
13 14 3 0.000000 2.000000 4 4 4 1 7340032 1.000000 1.000000
14 15 3 0.000000 2.000000 1 1 1 1 7340032 1.000000 1.000000
15 16 3 0.000000 2.000000 4 4 4 1 7340032 1.000000 1.000000
16 17 3 0.000000 2.000000 4 4 4 1 7340032 1.000000 1.000000
17 18 3 0.000000 2.000000 4 4 4 1 7340032 1.000000 1.000000
18 19 3 0.000000 2.000000 4 4 4 1 7340032 1.000000 1.000000
19 20 3 0.000000 2.000000 4 4 4 1 7340032 1.000000 1.000000
20 21 3 0.000000 2.000000 4 4 4 1 7340032 1.000000 1.000000
21 22 3 0.000000 2.000000 4 4 4 1 7340032 1.000000 1.000000
22 11 3 0.000000 2.000000 4 4 4 1 7340032 1.000000 1.000000
3 10 0 0.000000 2.000000 1 1 1 1 0 1.000000 1.000000
10 9 0 0.000000 2.000000 1 1 1 1 0 1.000000 1.000000
9 8 0 0.000000 2.000000 6 6 6 1 0 1.000000 1.000000
8 7 0 0.000000 2.000000 1 1 1 1 0 1.000000 1.000000
7 6 0 0.000000 2.000000 1 1 1 1 0 1.000000 1.000000
6 5 0 0.000000 2.000000 1 1 1 1 0 1.000000 1.000000
5 4 0 0.000000 2.000000 1 1 1 1 0 1.000000 1.000000
4 3 0 0.000000 2.000000 1 1 1 1 0 1.000000 1.000000
7 8 0 0.000000 2.000000 6 6 6 1 0 1.000000 1.000000
8 9 0 0.000000 2.000000 6 6 6 1 0 1.000000 1.000000
9 6 0 0.000000 2.000000 1 1 1 1 0 1.000000 1.000000
6 7 0 0.000000 2.000000 6 6 6 1 0 1.000000 1.000000
11 22 0 0.000000 2.000000 1 1 1 1 0 1.000000 1.000000
22 21 0 0.000000 2.000000 1 1 1 1 0 1.000000 1.000000
21 20 0 0.000000 2.000000 1 1 1 1 0 1.000000 1.000000
20 19 0 0.000000 2.000000 1 1 1 1 0 1.000000 1.000000
19 18 0 0.000000 2.000000 1 1 1 1 0 1.000000 1.000000
18 17 0 0.000000 2.000000 1 1 1 1 0 1.000000 1.000000
17 16 0 0.000000 2.000000 1 1 1 1 0 1.000000 1.000000
16 15 0 0.000000 2.000000 1 1 1 1 0 1.000000 1.000000
15 14 0 0.000000 2.000000 4 4 4 1 0 1.000000 1.000000
14 13 0 0.000000 2.000000 1 1 1 1 0 1.000000 1.000000
13 12 0 0.000000 2.000000 1 1 1 1 0 1.000000 1.000000
12 11 0 0.000000 2.000000 1 1 1 1 0 1.000000 1.000000
SECTORS 4
0 27 27 0.000000 2.000000 8 255 0 0 0 0.000000 0.000000 2.000000 2.000000 0.000000 0.000000 1.000000 1.000000 0.000000 1.000000 1.000000 0.000000
27 8 8 0.000000 2.000000 6 255 0 1 0 0.000000 0.500000 2.000000 2.000000 0.400000 0.000000 1.000000 1.000000 0.000000 1.000000 1.000000 0.000000
35 4 4 0.000000 2.000000 6 255 0 1 0 0.000000 0.200000 2.000000 2.000000 0.160000 0.000000 1.000000 1.000000 0.000000 1.000000 1.000000 0.000000
39 12 12 0.000000 2.000000 8 255 0 1 0 0.000000 0.300000 2.000000 2.000000 0.300000 0.000000 1.000000 1.000000 0.000000 1.000000 1.000000 0.000000
OBJECTS 0
