MAPEDIT3
START 20.300001 3.100000 -3.199999 1
VERTS 246
-4.000000 -8.000000
-4.000000 12.000000
11.500000 8.000000
8.000000 -8.000000
24.000000 6.000000
24.000000 -2.000000
12.000000 0.000000
12.000000 4.000000
-8.000000 -4.000000
-8.000000 8.000000
8.000000 12.000000
11.500000 -4.000000
-4.000000 -2.000000
-2.000000 -4.000000
6.000000 -4.000000
8.000000 -2.000000
8.000000 6.000000
6.000000 8.000000
-2.000000 8.000000
-4.000000 6.000000
-3.000000 -2.000000
-2.000000 -3.000000
-1.000000 -3.000000
-1.000000 -2.000000
-2.000000 -1.000000
-3.000000 -1.000000
5.000000 -3.000000
6.000000 -3.000000
7.000000 -2.000000
7.000000 -1.000000
6.000000 -1.000000
5.000000 -2.000000
6.000000 5.000000
7.000000 5.000000
7.000000 6.000000
6.000000 7.000000
5.000000 7.000000
5.000000 6.000000
-1.000000 7.000000
-2.000000 7.000000
-3.000000 6.000000
-3.000000 5.000000
-2.000000 5.000000
-1.000000 6.000000
4.000000 -3.000000
4.000000 -2.000000
6.000000 0.000000
7.000000 0.000000
7.000000 4.000000
6.000000 4.000000
4.000000 6.000000
4.000000 7.000000
0.000000 7.000000
0.000000 6.000000
-2.000000 4.000000
-3.000000 4.000000
-3.000000 0.000000
-2.000000 0.000000
0.000000 -2.000000
0.000000 -3.000000
0.000000 0.000000
4.000000 0.000000
4.000000 4.000000
0.000000 4.000000
3.300000 0.300000
3.900000 0.300000
3.900000 0.700000
3.600000 0.300000
3.600000 3.700000
3.900000 3.300000
3.900000 3.700000
3.300000 3.900000
0.100000 3.300000
0.400000 3.700000
0.700000 3.700000
0.100000 3.700000
0.100000 0.300000
0.700000 0.300000
0.400000 0.300000
0.100000 0.700000
3.700000 3.600000
3.300000 3.700000
3.700000 3.300000
3.700000 3.900000
3.700000 0.700000
3.700000 0.400000
3.300000 0.100000
3.700000 0.100000
0.700000 0.100000
0.300000 0.100000
0.300000 0.700000
0.300000 0.400000
0.300000 3.600000
0.300000 3.300000
0.300000 3.900000
0.700000 3.900000
1.600000 1.600000
2.400000 1.600000
2.400000 2.400000
1.600000 2.400000
1.600000 2.200000
1.700000 2.200000
1.600000 1.800000
1.700000 1.800000
1.800000 1.600000
1.800000 1.700000
2.200000 1.600000
2.200000 1.700000
2.400000 1.800000
2.300000 1.800000
2.300000 2.200000
2.400000 2.200000
2.200000 2.400000
1.800000 2.400000
2.200000 2.300000
1.800000 2.300000
0.800000 0.400000
3.200000 0.400000
2.600000 1.000000
1.400000 1.000000
3.000000 1.400000
3.600000 0.800000
3.600000 3.200000
3.000000 2.600000
1.000000 1.400000
1.000000 2.600000
0.400000 3.200000
0.400000 0.800000
1.400000 3.000000
2.600000 3.000000
3.200000 3.600000
0.800000 3.600000
14.000000 1.900000
15.000000 1.900000
15.000000 2.100000
14.000000 2.100000
16.000000 1.900000
17.000000 1.900000
17.000000 2.100000
16.000000 2.100000
18.000000 1.900000
19.000000 1.900000
19.000000 2.100000
18.000000 2.100000
20.000000 1.900000
22.000000 1.000000
22.000000 3.000000
20.000000 2.100000
7.000000 1.000000
8.000000 1.000000
8.000000 3.000000
7.000000 3.000000
7.100000 1.100000
7.900000 1.100000
7.900000 1.300000
7.100000 1.300000
7.100000 2.700000
7.900000 2.700000
7.900000 2.900000
7.100000 2.900000
-6.000000 0.000000
-5.000000 1.000000
-5.000000 3.000000
-6.000000 4.000000
-15.000000 1.000000
-5.000000 0.000000
-5.000000 4.000000
-20.000000 3.000000
-19.000000 11.000000
-9.000000 9.000000
-9.000000 3.000000
0.000000 10.000000
1.000000 10.000000
3.000000 10.000000
4.000000 10.000000
4.000000 11.000000
0.000000 11.000000
-18.000000 19.000000
-4.000000 13.000000
-6.000000 12.000000
-5.000000 22.000000
1.000000 13.000000
3.000000 14.000000
11.000000 1.000000
12.000000 1.000000
12.000000 3.000000
11.000000 3.000000
12.000100 0.600000
12.900001 0.600000
12.900001 1.000000
12.900001 3.000000
12.900001 3.400000
12.000100 3.400000
20.300001 1.900000
21.800001 1.300000
21.800001 2.700000
20.300001 2.100000
11.000000 -1.000000
11.000000 5.000000
11.000001 6.000000
11.000001 -2.000000
2.400000 1.900000
2.800000 1.700000
2.800000 2.300000
2.400000 2.100000
1.900000 2.400000
2.100000 2.400000
2.300000 2.900000
1.700000 2.900000
1.600000 1.900000
1.600000 2.100000
1.100000 2.300000
1.100000 1.700000
1.900000 1.600000
1.700000 1.100000
2.300000 1.100000
2.100000 1.600000
1.000000 -8.000000
3.000000 -8.000000
1.000000 -9.000000
3.000000 -9.000000
5.000000 -10.000000
6.000000 -13.000000
6.000000 -16.000000
3.000000 -17.000000
-6.000000 -17.000000
-7.000000 -15.000000
-7.000000 -12.000000
-4.000000 -10.000000
-1.000000 -10.000000
-1.600000 -10.000000
-1.600000 -9.900000
-1.400000 -9.900000
-1.400000 -10.000000
6.000000 -13.400001
6.000000 -13.599999
-1.590000 -10.000000
-2.300000 -13.100000
-0.700000 -13.100000
-1.410000 -10.000000
6.100000 -13.600000
6.100000 -13.400000
6.000000 -13.580000
6.000000 -13.420001
2.100000 -12.800000
2.100000 -14.200001
WALLS 355
0 8 -1 0.000000 0.000000 0 1 0 20 0 1.000000 1.000000
8 9 -1 0.000000 0.000000 0 1 0 20 0 1.000000 1.000000
9 1 -1 0.000000 0.000000 0 1 0 20 0 1.000000 1.000000
1 10 -1 0.000000 0.000000 0 1 0 20 0 1.000000 1.000000
10 2 -1 0.000000 0.000000 0 1 0 20 0 1.000000 1.000000
2 199 -1 0.000000 0.000000 0 1 0 20 0 1.000000 1.000000
199 198 -1 0.000000 0.000000 0 1 0 20 0 1.000000 1.000000
198 7 -1 0.000000 0.000000 0 1 0 20 0 1.000000 1.000000
7 6 1 0.500000 2.000000 1 1 1 9 0 1.000000 1.000000
6 197 -1 0.000000 0.000000 0 1 0 20 0 1.000000 1.000000
197 200 -1 0.000000 0.000000 0 1 0 20 0 1.000000 1.000000
200 11 -1 0.000000 0.000000 0 1 0 20 0 1.000000 1.000000
11 3 -1 0.000000 0.000000 0 1 0 20 0 1.000000 1.000000
3 218 -1 0.000000 0.000000 0 1 0 20 8 1.000000 1.000000
218 217 25 0.000000 1.310001 1 1 1 3 0 1.000000 1.000000
217 0 -1 0.000000 0.000000 0 1 0 20 8 1.000000 1.000000
12 13 2 0.000000 1.400000 1 1 1 3 0 1.000000 1.000000
13 14 2 0.000000 1.400000 1 1 1 3 0 1.000000 1.000000
14 15 2 0.000000 1.400000 1 1 1 3 0 1.000000 1.000000
15 16 2 0.000000 1.400000 1 1 1 3 0 1.000000 1.000000
16 17 2 0.000000 1.400000 1 1 1 3 0 1.000000 1.000000
17 18 2 0.000000 1.400000 1 1 1 3 0 1.000000 1.000000
18 19 2 0.000000 1.400000 1 1 1 3 0 1.000000 1.000000
19 12 2 0.000000 1.400000 1 1 1 3 0 1.000000 1.000000
160 165 -1 0.000000 0.000000 0 1 0 20 0 1.000000 1.000000
165 161 -1 0.000000 0.000000 0 1 0 20 0 1.000000 1.000000
161 162 13 0.000000 2.000000 1 1 1 1 0 1.000000 1.000000
162 166 -1 0.000000 0.000000 0 1 0 20 0 1.000000 1.000000
166 163 -1 0.000000 0.000000 0 1 0 20 0 1.000000 1.000000
163 160 -1 0.000000 0.000000 0 1 0 20 0 1.000000 1.000000
171 172 -1 0.000000 0.000000 0 1 0 20 0 1.000000 1.000000
172 173 15 0.000000 2.000000 1 1 1 1 0 1.000000 1.000000
173 174 -1 0.000000 0.000000 0 1 0 20 0 1.000000 1.000000
174 175 -1 0.000000 0.000000 0 1 0 20 0 1.000000 1.000000
175 176 -1 0.000000 0.000000 0 1 0 20 0 1.000000 1.000000
176 171 -1 0.000000 0.000000 0 1 0 20 0 1.000000 1.000000
183 184 16 0.300000 2.000000 6 6 6 9 0 1.000000 1.000000
184 185 16 0.300000 2.000000 0 0 0 9 0 1.000000 1.000000
185 186 16 0.300000 2.000000 6 6 6 9 0 1.000000 1.000000
186 183 16 0.300000 2.000000 6 6 6 9 0 1.000000 1.000000
7 4 -1 0.000000 0.000000 0 1 0 20 0 1.000000 1.000000
4 5 -1 0.000000 0.000000 0 1 0 20 0 1.000000 1.000000
5 6 -1 0.000000 0.000000 0 1 0 20 0 1.000000 1.000000
6 7 0 0.500000 2.000000 0 0 0 1 0 1.000000 1.000000
132 133 -1 0.000000 0.000000 0 4 0 20 0 1.000000 1.000000
133 134 -1 0.000000 0.000000 0 4 0 20 0 1.000000 1.000000
134 134 -1 0.000000 0.000000 0 3 0 20 0 1.000000 1.000000
134 135 -1 0.000000 0.000000 0 4 0 20 0 1.000000 1.000000
135 132 -1 0.000000 0.000000 0 4 0 20 0 1.000000 1.000000
136 137 -1 0.000000 0.000000 0 4 0 20 0 1.000000 1.000000
137 138 -1 0.000000 0.000000 0 4 0 20 0 1.000000 1.000000
138 139 -1 0.000000 0.000000 0 4 0 20 0 1.000000 1.000000
139 136 -1 0.000000 0.000000 0 4 0 20 0 1.000000 1.000000
140 141 -1 0.000000 0.000000 0 4 0 20 7340032 1.000000 1.000000
141 142 -1 0.000000 0.000000 0 4 0 20 7340032 1.000000 1.000000
142 143 -1 0.000000 0.000000 0 4 0 20 7340032 1.000000 1.000000
143 140 -1 0.000000 0.000000 0 4 0 20 7340032 1.000000 1.000000
144 145 9 0.900000 1.500000 1 1 1 11 0 1.000000 1.000000
145 146 9 0.900000 1.500000 1 1 1 11 0 1.000000 1.000000
146 147 9 0.900000 1.500000 1 1 1 11 0 1.000000 1.000000
147 144 9 0.900000 1.500000 1 1 1 11 0 1.000000 1.000000
187 188 -1 0.000000 0.000000 0 1 0 20 0 1.000000 1.000000
188 189 -1 0.000000 0.000000 0 1 0 20 0 1.000000 1.000000
189 184 -1 0.000000 0.000000 0 1 0 20 0 1.000000 1.000000
184 187 -1 0.000000 0.000000 0 1 0 20 0 1.000000 1.000000
185 190 -1 0.000000 0.000000 0 1 0 20 0 1.000000 1.000000
190 191 -1 0.000000 0.000000 0 1 0 20 0 1.000000 1.000000
191 192 -1 0.000000 0.000000 0 1 0 20 0 1.000000 1.000000
192 185 -1 0.000000 0.000000 0 1 0 20 0 1.000000 1.000000
12 19 0 0.000000 1.400000 2 2 2 9 0 1.000000 1.000000
19 18 0 0.000000 1.400000 2 2 2 9 0 1.000000 1.000000
18 17 0 0.000000 1.400000 2 2 2 9 0 1.000000 1.000000
17 16 0 0.000000 1.400000 2 2 2 9 0 1.000000 1.000000
16 15 0 0.000000 1.400000 2 2 2 9 0 1.000000 1.000000
15 14 0 0.000000 1.400000 2 2 2 9 0 1.000000 1.000000
14 13 0 0.000000 1.400000 2 2 2 9 0 1.000000 1.000000
13 12 0 0.000000 1.400000 2 2 2 9 0 1.000000 1.000000
20 21 -1 0.000000 0.000000 0 1 0 20 0 1.000000 1.000000
21 22 -1 0.000000 0.000000 0 1 0 20 0 1.000000 1.000000
22 23 -1 0.000000 0.000000 0 1 0 20 0 1.000000 1.000000
23 24 -1 0.000000 0.000000 0 1 0 20 0 1.000000 1.000000
24 25 -1 0.000000 0.000000 0 1 0 20 0 1.000000 1.000000
25 20 -1 0.000000 0.000000 0 1 0 20 0 1.000000 1.000000
26 27 -1 0.000000 0.000000 0 1 0 20 0 1.000000 1.000000
27 28 -1 0.000000 0.000000 0 1 0 20 0 1.000000 1.000000
28 29 -1 0.000000 0.000000 0 1 0 20 0 1.000000 1.000000
29 30 -1 0.000000 0.000000 0 1 0 20 0 1.000000 1.000000
30 31 -1 0.000000 0.000000 0 1 0 20 0 1.000000 1.000000
31 26 -1 0.000000 0.000000 0 1 0 20 0 1.000000 1.000000
32 33 -1 0.000000 0.000000 0 1 0 20 0 1.000000 1.000000
33 34 -1 0.000000 0.000000 0 1 0 20 0 1.000000 1.000000
34 35 -1 0.000000 0.000000 0 1 0 20 0 1.000000 1.000000
35 36 -1 0.000000 0.000000 0 1 0 20 0 1.000000 1.000000
36 37 -1 0.000000 0.000000 0 1 0 20 0 1.000000 1.000000
37 32 -1 0.000000 0.000000 0 1 0 20 0 1.000000 1.000000
38 39 -1 0.000000 0.000000 0 1 0 20 0 1.000000 1.000000
39 40 -1 0.000000 0.000000 0 1 0 20 0 1.000000 1.000000
40 41 -1 0.000000 0.000000 0 1 0 20 0 1.000000 1.000000
41 42 -1 0.000000 0.000000 0 1 0 20 0 1.000000 1.000000
42 43 -1 0.000000 0.000000 0 1 0 20 0 1.000000 1.000000
43 38 -1 0.000000 0.000000 0 1 0 20 0 1.000000 1.000000
44 45 3 0.000000 1.400000 2 2 2 9 0 1.000000 1.000000
45 46 3 0.000000 1.400000 2 2 2 9 0 1.000000 1.000000
46 47 3 0.000000 1.400000 2 2 2 9 0 1.000000 1.000000
47 48 3 0.000000 1.400000 2 2 2 9 0 1.000000 1.000000
48 49 3 0.000000 1.400000 2 2 2 9 0 1.000000 1.000000
49 50 3 0.000000 1.400000 2 2 2 9 0 1.000000 1.000000
50 51 3 0.000000 1.400000 2 2 2 9 0 1.000000 1.000000
51 52 3 0.000000 1.400000 2 2 2 9 0 1.000000 1.000000
52 53 3 0.000000 1.400000 2 2 2 9 0 1.000000 1.000000
53 54 3 0.000000 1.400000 2 2 2 9 0 1.000000 1.000000
54 55 3 0.000000 1.400000 2 2 2 9 0 1.000000 1.000000
55 56 3 0.000000 1.400000 2 2 2 9 0 1.000000 1.000000
56 57 3 0.000000 1.400000 2 2 2 9 0 1.000000 1.000000
57 58 3 0.000000 1.400000 2 2 2 9 0 1.000000 1.000000
58 59 3 0.000000 1.400000 2 2 2 9 0 1.000000 1.000000
59 44 3 0.000000 1.400000 2 2 2 9 0 1.000000 1.000000
148 149 10 0.000000 1.400000 2 2 2 9 0 1.000000 1.000000
149 150 10 0.000000 1.400000 3 3 3 9 0 1.000000 1.000000
150 151 10 0.000000 1.400000 2 2 2 9 0 1.000000 1.000000
151 148 10 0.000000 1.400000 3 3 3 9 0 1.000000 1.000000
44 59 2 0.000000 1.400000 1 1 1 3 0 1.000000 1.000000
59 58 2 0.000000 1.400000 1 1 1 3 0 1.000000 1.000000
58 57 2 0.000000 1.400000 1 1 1 3 0 1.000000 1.000000
57 56 2 0.000000 1.400000 1 1 1 3 0 1.000000 1.000000
56 55 2 0.000000 1.400000 1 1 1 3 0 1.000000 1.000000
55 54 2 0.000000 1.400000 1 1 1 3 0 1.000000 1.000000
54 53 2 0.000000 1.400000 1 1 1 3 0 1.000000 1.000000
53 52 2 0.000000 1.400000 1 1 1 3 0 1.000000 1.000000
52 51 2 0.000000 1.400000 1 1 1 3 0 1.000000 1.000000
51 50 2 0.000000 1.400000 1 1 1 3 0 1.000000 1.000000
50 49 2 0.000000 1.400000 1 1 1 3 0 1.000000 1.000000
49 48 2 0.000000 1.400000 1 1 1 3 0 1.000000 1.000000
48 47 2 0.000000 1.400000 1 1 1 3 0 1.000000 1.000000
47 46 2 0.000000 1.400000 1 1 1 3 0 1.000000 1.000000
46 45 2 0.000000 1.400000 1 1 1 3 0 1.000000 1.000000
45 44 2 0.000000 1.400000 1 1 1 3 0 1.000000 1.000000
60 61 4 0.200000 1.800000 1 1 1 11 0 1.000000 1.000000
61 62 4 0.200000 1.800000 1 1 1 11 0 1.000000 1.000000
62 63 4 0.200000 1.800000 1 1 1 11 0 1.000000 1.000000
63 60 4 0.200000 1.800000 1 1 1 11 0 1.000000 1.000000
60 63 3 0.200000 1.800000 0 0 0 1 0 1.000000 1.000000
63 62 3 0.200000 1.800000 0 0 0 1 0 1.000000 1.000000
62 61 3 0.200000 1.800000 0 0 0 1 0 1.000000 1.000000
61 60 3 0.200000 1.800000 0 0 0 1 0 1.000000 1.000000
64 86 -1 0.000000 0.000000 0 1 0 20 0 1.000000 1.000000
86 87 -1 0.000000 0.000000 0 1 0 20 0 1.000000 1.000000
87 65 -1 0.000000 0.000000 0 1 0 20 0 1.000000 1.000000
65 66 -1 0.000000 0.000000 0 1 0 20 0 1.000000 1.000000
66 84 -1 0.000000 0.000000 0 1 0 20 0 1.000000 1.000000
84 85 -1 0.000000 0.000000 0 1 0 20 0 1.000000 1.000000
85 67 -1 0.000000 0.000000 0 1 0 20 0 1.000000 1.000000
67 64 -1 0.000000 0.000000 0 1 0 20 0 1.000000 1.000000
68 80 -1 0.000000 0.000000 0 1 0 20 0 1.000000 1.000000
80 82 -1 0.000000 0.000000 0 1 0 20 0 1.000000 1.000000
82 69 -1 0.000000 0.000000 0 1 0 20 0 1.000000 1.000000
69 70 -1 0.000000 0.000000 0 1 0 20 0 1.000000 1.000000
70 83 -1 0.000000 0.000000 0 1 0 20 0 1.000000 1.000000
83 71 -1 0.000000 0.000000 0 1 0 20 0 1.000000 1.000000
71 81 -1 0.000000 0.000000 0 1 0 20 0 1.000000 1.000000
81 68 -1 0.000000 0.000000 0 1 0 20 0 1.000000 1.000000
72 93 -1 0.000000 0.000000 0 1 0 20 0 1.000000 1.000000
93 92 -1 0.000000 0.000000 0 1 0 20 0 1.000000 1.000000
92 73 -1 0.000000 0.000000 0 1 0 20 0 1.000000 1.000000
73 74 -1 0.000000 0.000000 0 1 0 20 0 1.000000 1.000000
74 95 -1 0.000000 0.000000 0 1 0 20 0 1.000000 1.000000
95 94 -1 0.000000 0.000000 0 1 0 20 0 1.000000 1.000000
94 75 -1 0.000000 0.000000 0 1 0 20 0 1.000000 1.000000
75 72 -1 0.000000 0.000000 0 1 0 20 0 1.000000 1.000000
76 89 -1 0.000000 0.000000 0 1 0 20 0 1.000000 1.000000
89 88 -1 0.000000 0.000000 0 1 0 20 0 1.000000 1.000000
88 77 -1 0.000000 0.000000 0 1 0 20 0 1.000000 1.000000
77 78 -1 0.000000 0.000000 0 1 0 20 0 1.000000 1.000000
78 91 -1 0.000000 0.000000 0 1 0 20 0 1.000000 1.000000
91 90 -1 0.000000 0.000000 0 1 0 20 0 1.000000 1.000000
90 79 -1 0.000000 0.000000 0 1 0 20 0 1.000000 1.000000
79 76 -1 0.000000 0.000000 0 1 0 20 0 1.000000 1.000000
96 104 -1 0.000000 0.000000 0 1 0 20 0 1.000000 1.000000
104 105 -1 0.000000 0.000000 0 1 0 20 0 1.000000 1.000000
105 107 -1 0.000000 0.000000 0 4 0 20 7602208 1.000000 1.000000
107 106 -1 0.000000 0.000000 0 1 0 20 0 1.000000 1.000000
106 97 -1 0.000000 0.000000 0 1 0 20 0 1.000000 1.000000
97 108 -1 0.000000 0.000000 0 1 0 20 0 1.000000 1.000000
108 109 -1 0.000000 0.000000 0 1 0 20 0 1.000000 1.000000
109 110 -1 0.000000 0.000000 0 4 0 20 7602208 1.000000 1.000000
110 111 -1 0.000000 0.000000 0 1 0 20 0 1.000000 1.000000
111 98 -1 0.000000 0.000000 0 1 0 20 0 1.000000 1.000000
98 112 -1 0.000000 0.000000 0 1 0 20 0 1.000000 1.000000
112 114 -1 0.000000 0.000000 0 1 0 20 0 1.000000 1.000000
114 115 -1 0.000000 0.000000 0 4 0 20 7602208 1.000000 1.000000
115 113 -1 0.000000 0.000000 0 1 0 20 0 1.000000 1.000000
113 99 -1 0.000000 0.000000 0 1 0 20 0 1.000000 1.000000
99 100 -1 0.000000 0.000000 0 1 0 20 0 1.000000 1.000000
100 101 -1 0.000000 0.000000 0 1 0 20 0 1.000000 1.000000
101 103 -1 0.000000 0.000000 0 4 0 20 7602208 1.000000 1.000000
103 102 -1 0.000000 0.000000 0 1 0 20 0 1.000000 1.000000
102 96 -1 0.000000 0.000000 0 1 0 20 0 1.000000 1.000000
116 117 5 0.200000 1.800000 0 0 0 1 0 1.000000 1.000000
117 118 5 0.200000 1.800000 0 0 0 1 0 1.000000 1.000000
118 119 5 0.200000 1.800000 0 0 0 1 0 1.000000 1.000000
119 116 5 0.200000 1.800000 0 0 0 1 0 1.000000 1.000000
120 121 6 0.200000 1.800000 0 0 0 1 0 1.000000 1.000000
121 122 6 0.200000 1.800000 0 0 0 1 0 1.000000 1.000000
122 123 6 0.200000 1.800000 0 0 0 1 0 1.000000 1.000000
123 120 6 0.200000 1.800000 0 0 0 1 0 1.000000 1.000000
124 125 7 0.200000 1.800000 0 0 0 1 0 1.000000 1.000000
125 126 7 0.200000 1.800000 0 0 0 1 0 1.000000 1.000000
126 127 7 0.200000 1.800000 0 0 0 1 0 1.000000 1.000000
127 124 7 0.200000 1.800000 0 0 0 1 0 1.000000 1.000000
128 129 8 0.200000 1.800000 0 0 0 1 0 1.000000 1.000000
129 130 8 0.200000 1.800000 0 0 0 1 0 1.000000 1.000000
130 131 8 0.200000 1.800000 0 0 0 1 0 1.000000 1.000000
131 128 8 0.200000 1.800000 0 0 0 1 0 1.000000 1.000000
201 202 18 0.200000 1.800000 1 1 1 1 0 1.000000 1.000000
202 203 18 0.200000 1.800000 1 1 1 1 0 1.000000 1.000000
203 204 18 0.200000 1.800000 1 1 1 1 0 1.000000 1.000000
204 201 18 0.200000 1.800000 1 1 1 1 0 1.000000 1.000000
205 206 19 0.200000 1.800000 1 1 1 1 0 1.000000 1.000000
206 207 19 0.200000 1.800000 1 1 1 1 0 1.000000 1.000000
207 208 19 0.200000 1.800000 1 1 1 1 0 1.000000 1.000000
208 205 19 0.200000 1.800000 1 1 1 1 0 1.000000 1.000000
209 210 20 0.200000 1.800000 1 1 1 1 0 1.000000 1.000000
210 211 20 0.200000 1.800000 1 1 1 1 0 1.000000 1.000000
211 212 20 0.200000 1.800000 1 1 1 1 0 1.000000 1.000000
212 209 20 0.200000 1.800000 1 1 1 1 0 1.000000 1.000000
213 214 21 0.200000 1.800000 1 1 1 1 0 1.000000 1.000000
214 215 21 0.200000 1.800000 1 1 1 1 0 1.000000 1.000000
215 216 21 0.200000 1.800000 1 1 1 1 0 1.000000 1.000000
216 213 21 0.200000 1.800000 1 1 1 1 0 1.000000 1.000000
116 119 4 0.200000 1.800000 1 1 1 3 0 1.000000 1.000000
119 118 4 0.200000 1.800000 1 1 1 3 0 1.000000 1.000000
118 117 4 0.200000 1.800000 1 1 1 3 0 1.000000 1.000000
117 116 4 0.200000 1.800000 1 1 1 3 0 1.000000 1.000000
120 123 4 0.200000 1.800000 1 1 1 3 0 1.000000 1.000000
123 122 4 0.200000 1.800000 1 1 1 3 0 1.000000 1.000000
122 121 4 0.200000 1.800000 1 1 1 3 0 1.000000 1.000000
121 120 4 0.200000 1.800000 1 1 1 3 0 1.000000 1.000000
124 127 4 0.200000 1.800000 1 1 1 3 0 1.000000 1.000000
127 126 4 0.200000 1.800000 1 1 1 3 0 1.000000 1.000000
126 125 4 0.200000 1.800000 1 1 1 3 0 1.000000 1.000000
125 124 4 0.200000 1.800000 1 1 1 3 0 1.000000 1.000000
128 131 4 0.200000 1.800000 1 1 1 3 0 1.000000 1.000000
131 130 4 0.200000 1.800000 1 1 1 3 0 1.000000 1.000000
130 129 4 0.200000 1.800000 1 1 1 3 0 1.000000 1.000000
129 128 4 0.200000 1.800000 1 1 1 3 0 1.000000 1.000000
144 147 1 0.900000 1.500000 3 3 3 1 0 1.000000 1.000000
147 146 1 0.900000 1.500000 0 0 0 1 0 1.000000 1.000000
146 145 1 0.900000 1.500000 3 3 3 1 0 1.000000 1.000000
145 144 1 0.900000 1.500000 3 3 3 1 0 1.000000 1.000000
193 194 17 0.900000 1.500000 1 1 1 1 0 1.000000 1.000000
194 195 17 0.900000 1.500000 1 1 1 1 0 1.000000 1.000000
195 196 17 0.900000 1.500000 1 1 1 1 0 1.000000 1.000000
196 193 17 0.900000 1.500000 1 1 1 1 0 1.000000 1.000000
148 151 2 0.000000 1.400000 3 3 3 1 0 1.000000 1.000000
151 150 2 0.000000 1.400000 1 1 1 1 0 1.000000 1.000000
150 149 2 0.000000 1.400000 3 3 3 1 0 1.000000 1.000000
149 148 2 0.000000 1.400000 3 3 3 1 0 1.000000 1.000000
152 153 11 0.200000 1.400000 1 1 1 9 0 1.000000 1.000000
153 154 11 0.200000 1.400000 1 1 1 9 0 1.000000 1.000000
154 155 11 0.200000 1.400000 1 1 1 9 0 1.000000 1.000000
155 152 11 0.200000 1.400000 1 1 1 9 0 1.000000 1.000000
156 157 12 0.200000 1.400000 1 1 1 9 0 1.000000 1.000000
157 158 12 0.200000 1.400000 1 1 1 9 0 1.000000 1.000000
158 159 12 0.200000 1.400000 1 1 1 9 0 1.000000 1.000000
159 156 12 0.200000 1.400000 1 1 1 9 0 1.000000 1.000000
152 155 10 0.200000 1.400000 0 0 0 1 0 1.000000 1.000000
155 154 10 0.200000 1.400000 0 0 0 1 0 1.000000 1.000000
154 153 10 0.200000 1.400000 0 0 0 1 0 1.000000 1.000000
153 152 10 0.200000 1.400000 0 0 0 1 0 1.000000 1.000000
156 159 10 0.200000 1.400000 0 0 0 1 0 1.000000 1.000000
159 158 10 0.200000 1.400000 0 0 0 1 0 1.000000 1.000000
158 157 10 0.200000 1.400000 0 0 0 1 0 1.000000 1.000000
157 156 10 0.200000 1.400000 0 0 0 1 0 1.000000 1.000000
164 167 -1 0.000000 0.000000 0 1 0 20 0 1.000000 1.000000
167 170 14 0.000000 2.000000 0 0 0 1 0 1.000000 1.000000
170 162 -1 0.000000 0.000000 0 1 0 20 0 1.000000 1.000000
162 161 0 0.000000 2.000000 0 0 0 1 0 1.000000 1.000000
161 164 -1 0.000000 0.000000 0 1 0 20 0 1.000000 1.000000
167 168 -1 0.000000 0.000000 0 1 0 20 0 1.000000 1.000000
168 169 15 0.000000 2.000000 0 0 0 1 0 1.000000 1.000000
169 170 -1 0.000000 0.000000 0 1 0 20 0 1.000000 1.000000
170 167 13 0.000000 2.000000 1 1 1 1 0 1.000000 1.000000
169 168 14 0.000000 2.000000 0 0 0 1 0 1.000000 1.000000
168 177 -1 0.000000 0.000000 0 1 0 20 0 1.000000 1.000000
177 180 -1 0.000000 0.000000 0 1 0 20 0 1.000000 1.000000
180 182 -1 0.000000 0.000000 0 1 0 20 0 1.000000 1.000000
182 173 -1 0.000000 0.000000 0 1 0 20 0 1.000000 1.000000
173 172 0 0.000000 2.000000 0 0 0 1 0 1.000000 1.000000
172 181 -1 0.000000 0.000000 0 1 0 20 0 1.000000 1.000000
181 178 -1 0.000000 0.000000 0 1 0 20 0 1.000000 1.000000
178 179 -1 0.000000 0.000000 0 1 0 20 0 1.000000 1.000000
179 169 -1 0.000000 0.000000 0 1 0 20 0 1.000000 1.000000
183 186 0 0.300000 2.000000 0 0 0 1 0 1.000000 1.000000
186 185 0 0.300000 2.000000 0 0 0 1 0 1.000000 1.000000
185 184 0 0.300000 2.000000 0 0 0 1 0 1.000000 1.000000
184 183 0 0.300000 2.000000 0 0 0 1 0 1.000000 1.000000
193 196 9 0.900000 1.500000 1 1 1 11 0 1.000000 1.000000
196 195 9 0.900000 1.500000 1 1 1 11 0 1.000000 1.000000
195 194 9 0.900000 1.500000 1 1 1 11 0 1.000000 1.000000
194 193 9 0.900000 1.500000 1 1 1 11 0 1.000000 1.000000
201 204 4 0.200000 1.800000 1 1 1 1 0 1.000000 1.000000
204 203 4 0.200000 1.800000 1 1 1 1 0 1.000000 1.000000
203 202 4 0.200000 1.800000 1 1 1 1 0 1.000000 1.000000
202 201 4 0.200000 1.800000 1 1 1 1 0 1.000000 1.000000
205 208 4 0.200000 1.800000 1 1 1 1 0 1.000000 1.000000
208 207 4 0.200000 1.800000 1 1 1 1 0 1.000000 1.000000
207 206 4 0.200000 1.800000 1 1 1 1 0 1.000000 1.000000
206 205 4 0.200000 1.800000 1 1 1 1 0 1.000000 1.000000
209 212 4 0.200000 1.800000 1 1 1 1 0 1.000000 1.000000
212 211 4 0.200000 1.800000 1 1 1 1 0 1.000000 1.000000
211 210 4 0.200000 1.800000 1 1 1 1 0 1.000000 1.000000
210 209 4 0.200000 1.800000 1 1 1 1 0 1.000000 1.000000
213 216 4 0.200000 1.800000 1 1 1 1 0 1.000000 1.000000
216 215 4 0.200000 1.800000 1 1 1 1 0 1.000000 1.000000
215 214 4 0.200000 1.800000 1 1 1 1 0 1.000000 1.000000
214 213 4 0.200000 1.800000 1 1 1 1 0 1.000000 1.000000
219 220 25 0.000000 1.310001 1 1 1 3 0 1.000000 1.000000
220 221 -1 0.000000 0.000000 1 1 1 20 8 1.000000 1.000000
221 222 -1 0.000000 0.000000 1 1 1 20 8 1.000000 1.000000
222 234 -1 0.000000 0.000000 1 1 1 20 8 1.000000 1.000000
234 241 -1 0.000000 0.000000 1 1 1 20 7340032 1.000000 1.000000
241 240 -1 0.000000 0.000000 1 5 1 20 7340032 1.000000 1.000000
240 235 -1 0.000000 0.000000 1 1 1 20 7340032 1.000000 1.000000
235 223 -1 0.000000 0.000000 1 1 1 20 8 1.000000 1.000000
223 224 -1 0.000000 0.000000 1 1 1 20 8 1.000000 1.000000
224 225 -1 0.000000 0.000000 1 1 1 20 8 1.000000 1.000000
225 226 -1 0.000000 0.000000 1 1 1 20 8 1.000000 1.000000
226 227 -1 0.000000 0.000000 1 1 1 20 8 1.000000 1.000000
227 228 -1 0.000000 0.000000 1 1 1 20 8 1.000000 1.000000
228 230 -1 0.000000 0.000000 1 1 1 20 8 1.000000 1.000000
230 231 -1 0.000000 0.000000 1 1 1 20 7340032 1.000000 1.000000
231 232 -1 0.000000 0.000000 1 5 1 20 7340032 1.000000 1.000000
232 233 -1 0.000000 0.000000 1 1 1 20 7340032 1.000000 1.000000
233 229 -1 0.000000 0.000000 1 1 1 20 8 1.000000 1.000000
229 219 -1 0.000000 0.000000 1 1 1 20 8 1.000000 1.000000
236 237 23 0.000000 1.600000 1 1 1 1 0 1.000000 1.000000
237 238 23 0.000000 1.600000 1 1 1 1 0 1.000000 1.000000
238 239 23 0.000000 1.600000 1 1 1 1 0 1.000000 1.000000
239 236 23 0.000000 1.600000 1 1 1 1 0 1.000000 1.000000
242 243 24 0.000000 1.600000 1 1 1 1 0 1.000000 1.000000
243 244 24 0.000000 1.600000 1 1 1 1 0 1.000000 1.000000
244 245 24 0.000000 1.600000 1 1 1 1 0 1.000000 1.000000
245 242 24 0.000000 1.600000 1 1 1 1 0 1.000000 1.000000
236 239 22 0.000000 1.600000 1 1 1 1 0 1.000000 1.000000
239 238 22 0.000000 1.600000 1 1 1 1 0 1.000000 1.000000
238 237 22 0.000000 1.600000 1 1 1 1 0 1.000000 1.000000
237 236 22 0.000000 1.600000 1 1 1 1 0 1.000000 1.000000
242 245 22 0.000000 1.600000 1 1 1 1 0 1.000000 1.000000
245 244 22 0.000000 1.600000 1 1 1 1 0 1.000000 1.000000
244 243 22 0.000000 1.600000 1 1 1 1 0 1.000000 1.000000
243 242 22 0.000000 1.600000 1 1 1 1 0 1.000000 1.000000
217 218 0 0.000000 1.310001 1 1 1 1 0 1.000000 1.000000
218 220 -1 0.000000 0.000000 1 1 1 20 8 1.000000 1.000000
220 219 22 0.000000 1.310001 1 1 1 1 0 1.000000 1.000000
219 217 -1 0.000000 0.000000 1 1 1 20 8 1.000000 1.000000
SECTORS 26
0 40 40 0.000000 2.000000 3 255 0 1.000000 1.000000 0.000000 1.000000 1.000000 0.000000
40 29 29 0.500000 2.000000 3 255 0 1.000000 1.000000 0.000000 1.000000 1.000000 0.000000
69 52 52 -0.100000 1.400000 5 1 0 1.000000 1.000000 0.785398 1.000000 1.000000 0.000000
121 20 20 0.000000 2.000000 2 255 0 1.000000 1.000000 0.000000 1.000000 1.000000 0.000000
141 88 88 0.200000 1.800000 1 1 0 1.000000 1.000000 0.000000 1.000000 1.000000 0.000000
229 4 4 0.200000 2.000000 1 255 0 1.000000 1.000000 0.000000 1.000000 1.000000 0.000000
233 4 4 0.200000 2.000000 1 255 0 1.000000 1.000000 0.000000 1.000000 1.000000 0.000000
237 4 4 0.200000 2.000000 1 255 0 1.000000 1.000000 0.000000 1.000000 1.000000 0.000000
241 4 4 0.200000 2.000000 1 255 0 1.000000 1.000000 0.000000 1.000000 1.000000 0.000000
245 8 8 0.900000 1.500000 1 1 0 1.000000 1.000000 0.000000 1.000000 1.000000 0.000000
253 12 12 0.000000 1.400000 3 1 0 1.000000 1.000000 0.000000 1.000000 1.000000 0.000000
265 4 4 0.200000 1.400000 1 1 0 1.000000 1.000000 0.000000 1.000000 1.000000 0.000000
269 4 4 0.200000 1.400000 1 1 0 1.000000 1.000000 0.000000 1.000000 1.000000 0.000000
273 5 5 0.000000 2.000000 3 255 0 1.000000 1.000000 0.000000 1.000000 1.000000 0.000000
278 4 4 0.000000 2.000000 3 255 0 1.000000 1.000000 0.000000 1.000000 1.000000 0.000000
282 10 10 0.000000 2.000000 3 255 0 1.000000 1.000000 0.000000 1.000000 1.000000 0.000000
292 4 4 0.300000 2.000000 3 255 1 1.000000 1.000000 0.000000 1.000000 1.000000 0.000000
296 4 4 0.800000 1.600000 4 2 7 1.000000 1.000000 0.000000 1.000000 1.000000 0.000000
300 4 4 0.200000 1.800000 1 1 5 1.000000 1.000000 0.000000 1.000000 1.000000 0.000000
304 4 4 0.200000 1.800000 1 1 5 1.000000 1.000000 0.000000 1.000000 1.000000 0.000000
308 4 4 0.200000 1.800000 1 1 5 1.000000 1.000000 0.000000 1.000000 1.000000 0.000000
312 4 4 0.200000 1.800000 1 1 5 1.000000 1.000000 0.000000 1.000000 1.000000 0.000000
316 27 27 0.000000 1.600000 3 1 0 1.000000 1.000000 0.000000 1.000000 1.000000 0.000000
343 4 4 0.000000 1.600000 3 1 5 1.000000 1.000000 0.000000 1.000000 1.000000 0.000000
347 4 4 0.000000 1.600000 3 1 6 1.000000 1.000000 0.000000 1.000000 1.000000 0.000000
351 4 4 0.000000 1.310001 3 1 0 1.000000 1.000000 0.000000 1.000000 1.000000 0.000000
