MAPEDIT8
START 11.300000 2.400000 0.000000 0
VERTS 26
-7.200000 -3.900000
-9.400001 3.300000
-0.500000 11.500000
13.600000 12.200000
16.700001 -4.900000
7.900001 -7.700000
-0.100000 -2.400000
1.800000 -3.700000
5.600000 -3.100000
5.100000 -0.300000
1.700000 -0.200000
19.200001 -11.000000
4.600000 -15.900000
22.100000 -10.600000
20.500000 -13.200001
16.500000 -16.200001
9.500000 -17.100000
15.900001 -0.300000
15.900001 4.000000
14.800000 5.600000
18.000000 4.000000
20.400000 4.500000
24.900000 3.200000
25.500000 -0.600000
23.200001 -3.200000
18.000002 -0.300000
WALLS 37
0 1 -1 0.000000 0.000000 1 1 1 20 0 1.000000 1.000000 0.000000 0.000000
1 2 -1 0.000000 0.000000 1 1 1 20 0 1.000000 1.000000 0.000000 0.000000
2 3 -1 0.000000 0.000000 1 1 1 20 0 1.000000 1.000000 0.000000 0.000000
3 19 -1 0.000000 0.000000 1 1 1 20 0 1.000000 1.000000 0.000000 0.000000
19 18 -1 0.000000 0.000000 1 1 1 20 0 1.000000 1.000000 0.000000 0.000000
18 17 4 0.000000 1.000000 1 255 1 1 0 1.000000 1.000000 0.000000 0.000000
17 4 -1 0.000000 0.000000 1 1 1 20 0 1.000000 1.000000 0.000000 0.000000
4 5 2 0.000000 1.000000 1 10 1 69 0 1.000000 1.000000 0.000000 0.000000
5 0 -1 0.000000 0.000000 1 1 1 20 0 1.000000 1.000000 0.000000 0.000000
6 7 1 0.000000 1.000000 1 255 1 1 0 1.000000 1.000000 0.000000 0.000000
7 8 1 0.000000 1.000000 1 255 1 1 0 1.000000 1.000000 0.000000 0.000000
8 9 1 0.000000 1.000000 1 255 1 1 0 1.000000 1.000000 0.000000 0.000000
9 10 1 0.000000 1.000000 1 255 1 1 0 1.000000 1.000000 0.000000 0.000000
10 6 1 0.000000 1.000000 1 255 1 1 0 1.000000 1.000000 0.000000 0.000000
6 10 0 0.000000 1.000000 1 255 3 9 0 1.000000 1.000000 0.000000 0.000000
10 9 0 0.000000 1.000000 1 255 3 9 0 1.000000 1.000000 0.000000 0.000000
9 8 0 0.000000 1.000000 1 255 3 9 0 1.000000 1.000000 0.000000 0.000000
8 7 0 0.000000 1.000000 1 255 3 9 0 1.000000 1.000000 0.000000 0.000000
7 6 0 0.000000 1.000000 1 255 3 9 0 1.000000 1.000000 0.000000 0.000000
5 4 0 0.000000 1.000000 1 10 1 69 0 1.000000 1.000000 0.000000 0.000000
4 11 -1 0.000000 0.000000 1 4 1 20 6291456 1.000000 1.000000 0.000000 0.000000
11 13 -1 0.000000 0.000000 1 4 1 20 6291456 1.000000 1.000000 0.000000 0.000000
13 14 -1 0.000000 0.000000 1 4 1 20 6291456 1.000000 1.000000 0.000000 0.000000
14 15 -1 0.000000 0.000000 1 4 1 20 6291456 1.000000 1.000000 0.000000 0.000000
15 16 -1 0.000000 0.000000 1 4 1 20 6291456 1.000000 1.000000 0.000000 0.000000
16 12 -1 0.000000 0.000000 1 4 1 20 6291456 1.000000 1.000000 0.000000 0.000000
12 5 -1 0.000000 0.000000 1 4 1 20 6291456 1.000000 1.000000 0.000000 0.000000
20 21 -1 0.000000 0.000000 1 1 1 20 0 1.000000 1.000000 0.000000 0.000000
21 22 -1 0.000000 0.000000 1 1 1 20 0 1.000000 1.000000 0.000000 0.000000
22 23 -1 0.000000 0.000000 1 1 1 20 0 1.000000 1.000000 0.000000 0.000000
23 24 -1 0.000000 0.000000 1 1 1 20 0 1.000000 1.000000 0.000000 0.000000
24 25 -1 0.000000 0.000000 1 1 1 20 0 1.000000 1.000000 0.000000 0.000000
25 20 4 0.000000 1.000000 1 255 1 1 0 1.000000 1.000000 0.000000 0.000000
17 18 0 0.000000 1.000000 1 255 1 1 0 1.000000 1.000000 0.000000 0.000000
18 20 -1 0.000000 0.000000 1 1 1 20 0 1.000000 1.000000 0.000000 0.000000
20 25 3 0.000000 1.000000 1 255 1 1 0 1.000000 1.000000 0.000000 0.000000
25 17 -1 0.000000 0.000000 1 1 1 20 0 1.000000 1.000000 0.000000 0.000000
SECTORS 5
0 14 14 0.000000 1.000000 3 255 4 0 0 0 0.000000 0.000000 1.000000 2.000000 0.000000 0.000000 1.000000 1.000000 0.000000 1.000000 1.000000 0.000000 0
14 5 5 -0.200000 1.000000 5 255 4 0 0 0 -0.200000 0.000000 1.000000 1.000000 0.000000 0.000000 1.000000 1.000000 0.000000 1.000000 1.000000 0.000000 0
19 8 8 0.000000 1.000000 3 255 4 0 0 0 0.000000 0.000000 1.000000 1.000000 0.000000 0.000000 1.000000 1.000000 0.000000 1.000000 1.000000 0.000000 0
27 6 6 0.000000 1.000000 3 255 4 0 0 0 0.000000 0.000000 2.000000 2.000000 0.000000 0.000000 1.000000 1.000000 0.000000 1.000000 1.000000 0.000000 0
33 4 4 0.000000 1.000000 3 255 4 0 1 1 0.000000 1.000000 1.000000 2.000000 0.500000 0.000000 1.000000 1.000000 0.000000 1.000000 1.000000 0.000000 0
OBJECTS 0
OBJECTLABELS 0
