MAPEDIT1
START 21.000000 -19.000000 -0.700000 9
VERTS 193
-3.000000 1.000000
-2.000000 2.000000
-1.000000 3.000000
0.000000 5.000000
1.000000 6.000000
3.000000 5.000000
3.000000 3.000000
3.000000 2.000000
7.000000 2.000000
7.000000 -3.000000
7.000000 -5.000000
-2.000000 -5.000000
-3.000000 -4.000000
10.000000 -2.000000
13.000000 -2.000000
14.000000 -3.000000
15.000000 -3.000000
15.000000 -5.000000
14.000000 -5.000000
13.000000 -6.000000
8.000000 -6.000000
16.000000 -3.000000
16.000000 -5.000000
17.000000 -3.000000
17.000000 -5.000000
20.000000 -4.000000
19.000000 -5.000000
6.000000 5.000000
6.000000 3.000000
22.000000 -4.000000
23.000000 -5.000000
23.000000 -6.000000
19.000000 -6.000000
23.000000 -15.000000
19.000000 -15.000000
29.000000 -16.000000
29.000000 -21.000000
24.100000 -23.000000
24.100000 -22.000000
21.900000 -22.000000
21.900000 -23.000000
16.000000 -21.000000
16.000000 -16.000000
30.000000 -28.000000
16.000000 -29.000000
15.000000 -28.000000
15.000000 -22.000000
0.000000 1.000000
0.000000 0.000000
1.000000 0.000000
1.000000 1.000000
30.000000 -18.000000
30.000000 -19.000000
29.000000 -19.000000
29.000000 -18.000000
30.000000 -20.000000
29.000000 -20.000000
30.000000 -17.000000
29.000000 -17.000000
32.000000 -17.000000
32.000000 -18.000000
32.000000 -19.000000
32.000000 -20.000000
10.000000 3.000000
14.000000 4.000000
17.000000 4.000000
25.000000 5.000000
27.000000 0.000000
23.000000 2.000000
17.000000 1.000000
14.000000 0.000000
20.000000 1.000000
21.000000 0.000000
22.000000 -1.000000
22.000000 -2.000000
22.000000 -3.000000
21.000000 -3.000000
21.000000 -2.000000
20.000000 -1.000000
32.000000 -2.000000
39.000000 -6.000000
36.000000 -18.000000
34.000000 -19.000000
33.000000 -18.000000
35.000000 -17.000000
40.000000 -13.000000
34.000000 -13.000000
34.000000 -11.000000
35.000000 -12.000000
40.000000 -12.000000
39.000000 -11.000000
39.000000 -9.000000
38.000000 -8.000000
35.000000 -5.000000
32.000000 -4.000000
25.000000 -3.000000
13.000000 -8.000000
17.000000 -6.000000
15.000000 -10.000000
10.000000 -11.000000
25.000000 -6.000000
29.000000 -8.000000
32.000000 -11.000000
27.000000 -10.000000
52.000000 -13.000000
48.000000 -12.000000
50.000000 -12.000000
42.000000 -11.000000
42.000000 -14.000000
42.000000 -10.000000
46.000000 -10.000000
46.000000 -15.000000
42.000000 -15.000000
42.299999 -14.000000
42.299999 -11.000000
48.000000 -14.000000
46.000000 -14.000000
46.000000 -12.000000
42.299999 -14.100000
42.000000 -14.100000
42.299999 -10.900001
42.000000 -10.900001
2.000000 -6.000000
6.000000 -6.000000
6.000000 -11.000000
2.000000 -11.000000
5.800000 -14.000000
4.000000 -12.500000
2.200000 -14.000000
5.400000 -14.000000
4.000000 -12.900001
2.600000 -14.000000
5.000000 -14.000000
4.000000 -13.300000
3.000000 -14.000000
4.600000 -14.000000
4.000000 -13.600000
3.500000 -14.000000
7.000000 -13.000000
7.000000 -14.000000
6.200000 -14.000000
4.000000 -12.100000
1.800000 -14.000000
1.000000 -14.000000
1.000000 -13.000000
4.600000 -16.000000
8.000000 -16.000000
8.000000 -16.900000
3.500000 -16.900000
9.000000 -16.000000
9.000000 -16.900000
10.000000 -16.000000
10.000000 -16.900000
16.000000 -17.000000
11.000000 -16.000000
11.000000 -16.900000
29.000000 -29.000000
30.000000 -22.000000
52.000000 -11.000000
56.000000 -11.000000
58.000000 -12.000000
58.000000 -10.000000
60.000000 -12.000000
59.000000 -13.000000
61.000000 -14.000000
63.000000 -14.000000
56.000000 -10.000000
60.000000 -15.000000
61.000000 -17.000000
59.000000 -19.000000
49.000000 -18.000000
47.000000 -17.000000
48.000000 -10.000000
50.000000 -8.000000
52.000000 -7.000000
56.000000 -8.000000
59.000000 -8.000000
62.000000 -10.000000
63.400002 -13.200000
68.000000 -15.000000
69.000000 -19.000000
65.000000 -21.000000
64.000000 -18.000000
67.000000 -17.000000
63.000000 -16.000000
63.200001 -14.100000
63.000000 -13.600000
60.299999 -14.300000
61.299999 -14.200000
22.000000 -22.000000
24.000000 -22.000000
24.000000 -23.000000
22.000000 -23.000000
WALLS 300
0 1 -1 0.000000 0.000000 0 10 0 20
1 2 -1 0.000000 0.000000 0 10 0 20
2 3 -1 0.000000 0.000000 0 10 0 20
3 4 -1 0.000000 0.000000 0 10 0 20
4 5 -1 0.000000 0.000000 0 10 0 20
5 6 -1 0.000000 0.000000 0 10 0 20
6 7 5 0.200000 1.500000 10 10 10 11
7 8 -1 0.000000 0.000000 0 10 0 20
8 8 -1 0.000000 0.000000 0 10 0 20
8 9 -1 0.000000 0.000000 0 10 0 20
9 10 1 0.000000 2.000000 10 10 10 1
10 123 -1 0.000000 0.000000 0 10 0 20
123 122 27 0.000000 2.000000 10 10 10 1
122 11 -1 0.000000 0.000000 0 10 0 20
11 12 -1 0.000000 0.000000 0 10 0 20
12 0 -1 0.000000 0.000000 0 10 0 20
9 13 -1 0.000000 0.000000 0 11 0 20
13 14 18 0.000000 2.000000 11 11 11 1
14 15 -1 0.000000 0.000000 0 11 0 20
15 16 -1 0.000000 0.000000 0 11 0 20
16 17 2 0.100000 2.000000 11 11 11 9
17 18 -1 0.000000 0.000000 0 11 0 20
18 19 -1 0.000000 0.000000 0 11 0 20
19 20 -1 0.000000 0.000000 0 11 0 20
20 10 -1 0.000000 0.000000 0 11 0 20
10 9 0 0.000000 2.000000 11 11 11 1
16 21 -1 0.000000 0.000000 0 12 0 20
21 22 3 0.200000 2.000000 12 12 12 9
22 17 -1 0.000000 0.000000 0 12 0 20
17 16 1 0.100000 2.000000 12 12 12 1
21 23 -1 0.000000 0.000000 0 13 0 20
23 24 4 0.300000 1.600000 13 13 13 11
24 22 -1 0.000000 0.000000 0 13 0 20
22 21 2 0.200000 2.000000 13 13 13 1
23 25 -1 0.000000 0.000000 0 14 0 20
25 26 6 0.300000 1.600000 14 14 14 1
26 24 -1 0.000000 0.000000 0 14 0 20
24 23 3 0.300000 1.600000 14 14 14 1
6 27 -1 0.000000 0.000000 0 15 0 20
27 28 -1 0.000000 0.000000 0 15 0 20
28 7 -1 0.000000 0.000000 0 14 0 20
7 6 0 0.200000 1.500000 15 15 15 1
25 29 -1 0.000000 0.000000 0 16 0 20
29 30 -1 0.000000 0.000000 0 16 0 20
30 31 -1 0.000000 0.000000 0 16 0 20
31 32 8 0.300000 1.900000 16 16 16 1
32 26 -1 0.000000 0.000000 0 16 0 20
26 25 4 0.300000 1.600000 16 16 16 3
32 31 6 0.300000 1.900000 17 17 17 9
31 100 -1 0.000000 0.000000 0 26 0 20
100 103 22 0.300000 2.000000 26 26 26 3
103 33 -1 0.000000 0.000000 0 26 0 20
33 34 9 0.300000 2.000000 26 26 26 3
34 98 -1 0.000000 0.000000 0 14 0 20
98 97 21 0.300000 2.000000 26 26 26 3
97 32 -1 0.000000 0.000000 0 26 0 20
32 31 6 0.300000 1.900000 26 26 26 3
33 35 -1 0.000000 0.000000 0 29 0 20
35 58 -1 0.000000 0.000000 0 29 0 20
58 54 14 0.000000 2.000000 29 29 29 1
54 53 12 0.200000 1.000000 29 29 29 11
53 56 13 0.000000 2.000000 29 29 29 1
56 36 -1 0.000000 0.000000 0 29 0 20
36 37 10 0.000000 2.000000 29 29 29 1
37 38 -1 0.000000 0.000000 0 29 0 20
38 190 -1 0.000000 0.000000 0 29 0 20
190 189 41 0.300000 2.000000 29 29 29 9
189 39 -1 0.000000 0.000000 0 29 0 20
39 40 -1 0.000000 0.000000 0 29 0 20
40 41 10 0.000000 2.000000 29 29 29 1
41 153 -1 0.000000 0.000000 0 29 0 20
153 42 37 0.000000 2.000000 29 29 29 1
42 34 -1 0.000000 0.000000 0 29 0 20
34 33 8 0.300000 2.000000 29 29 29 9
40 192 -1 0.000000 0.000000 0 30 0 20
192 191 41 0.300000 2.000000 30 30 30 9
191 37 -1 0.000000 0.000000 0 30 0 20
37 36 9 0.000000 2.000000 30 30 30 1
36 157 -1 0.000000 0.000000 0 30 0 20
157 43 -1 0.000000 0.000000 0 30 0 20
43 156 -1 0.000000 0.000000 0 30 0 20
156 44 -1 0.000000 0.000000 0 30 0 20
44 45 -1 0.000000 0.000000 0 30 0 20
45 46 -1 0.000000 0.000000 0 30 0 20
46 41 -1 0.000000 0.000000 0 30 0 20
41 40 9 0.000000 2.000000 30 30 30 1
47 48 -1 0.000000 0.000000 0 31 0 20
48 49 -1 0.000000 0.000000 0 31 0 20
49 50 -1 0.000000 0.000000 0 31 0 20
50 47 -1 0.000000 0.000000 0 31 0 20
53 54 9 0.200000 1.000000 10 10 10 1
54 51 14 0.200000 1.000000 10 10 10 1
51 52 16 0.200000 1.000000 10 10 10 1
52 53 13 0.200000 1.000000 10 10 10 1
52 55 17 0.000000 2.000000 11 11 11 1
55 56 -1 0.000000 0.000000 0 11 0 20
56 53 9 0.000000 2.000000 11 11 11 1
53 52 12 0.200000 1.000000 11 11 11 11
54 58 9 0.000000 2.000000 12 12 12 1
58 57 -1 0.000000 0.000000 0 12 0 20
57 51 15 0.000000 2.000000 12 12 12 1
51 54 12 0.200000 1.000000 12 12 12 11
57 59 -1 0.000000 0.000000 0 13 0 20
59 60 -1 0.000000 0.000000 0 13 0 20
60 51 16 0.000000 2.000000 13 13 13 1
51 57 14 0.000000 2.000000 13 13 13 1
51 60 15 0.000000 2.000000 14 14 14 1
60 61 20 0.000000 2.000000 14 14 14 1
61 52 17 0.000000 2.000000 14 14 14 1
52 51 12 0.200000 1.000000 14 14 14 11
55 52 13 0.000000 2.000000 15 15 15 1
52 61 16 0.000000 2.000000 15 15 15 1
61 62 -1 0.000000 0.000000 0 15 0 20
62 55 -1 0.000000 0.000000 0 15 0 20
13 63 -1 0.000000 0.000000 0 16 0 20
63 64 -1 0.000000 0.000000 0 16 0 20
64 65 -1 0.000000 0.000000 0 16 0 20
65 66 -1 0.000000 0.000000 0 16 0 20
66 67 -1 0.000000 0.000000 0 16 0 20
67 68 -1 0.000000 0.000000 0 16 0 20
68 71 -1 0.000000 0.000000 0 16 0 20
71 69 19 0.000000 2.000000 16 16 16 1
69 70 -1 0.000000 0.000000 0 16 0 20
70 14 -1 0.000000 0.000000 0 16 0 20
14 13 1 0.000000 2.000000 16 16 16 1
71 72 -1 0.000000 0.000000 0 17 0 20
72 73 -1 0.000000 0.000000 0 17 0 20
73 74 -1 0.000000 0.000000 0 17 0 20
74 75 20 0.000000 2.000000 17 17 17 1
75 76 -1 0.000000 0.000000 0 17 0 20
76 77 -1 0.000000 0.000000 0 17 0 20
77 78 -1 0.000000 0.000000 0 17 0 20
78 69 -1 0.000000 0.000000 0 17 0 20
69 71 18 0.000000 2.000000 17 17 17 1
74 79 -1 0.000000 0.000000 0 18 0 20
79 80 -1 0.000000 0.000000 0 18 0 20
80 107 -1 0.000000 0.000000 0 18 0 20
107 108 25 0.300000 1.500000 18 18 18 11
108 81 -1 0.000000 0.000000 0 18 0 20
81 82 -1 0.000000 0.000000 0 18 0 20
82 61 -1 0.000000 0.000000 0 18 0 20
61 60 16 0.000000 2.000000 18 18 18 1
60 83 -1 0.000000 0.000000 0 18 0 20
83 84 -1 0.000000 0.000000 0 18 0 20
84 85 -1 0.000000 0.000000 0 18 0 20
85 86 -1 0.000000 0.000000 0 18 0 20
86 87 -1 0.000000 0.000000 0 18 0 20
87 88 -1 0.000000 0.000000 0 18 0 20
88 89 -1 0.000000 0.000000 0 18 0 20
89 90 -1 0.000000 0.000000 0 18 0 20
90 91 -1 0.000000 0.000000 0 18 0 20
91 92 -1 0.000000 0.000000 0 18 0 20
92 93 -1 0.000000 0.000000 0 18 0 20
93 94 -1 0.000000 0.000000 0 18 0 20
94 95 -1 0.000000 0.000000 0 18 0 20
95 75 -1 0.000000 0.000000 0 18 0 20
75 74 19 0.000000 2.000000 18 18 18 1
96 97 -1 0.000000 0.000000 0 19 0 20
97 98 8 0.300000 2.000000 19 19 19 9
98 99 -1 0.000000 0.000000 0 19 0 20
99 96 -1 0.000000 0.000000 0 19 0 20
100 101 -1 0.000000 0.000000 0 20 0 20
101 102 -1 0.000000 0.000000 0 20 0 20
102 103 -1 0.000000 0.000000 0 20 0 20
103 100 8 0.300000 2.000000 20 20 20 9
104 115 38 0.000000 2.000000 11 11 11 9
115 105 26 0.000000 2.000000 11 11 11 9
105 106 39 0.000000 2.000000 11 11 11 9
106 158 39 0.000000 2.000000 11 11 11 9
158 166 39 0.000000 2.000000 11 11 11 9
166 161 39 0.000000 2.000000 11 11 11 9
161 162 39 0.000000 2.000000 11 11 11 9
162 165 39 0.000000 2.000000 11 11 11 9
165 164 40 0.000000 2.000000 11 11 11 9
164 163 38 0.000000 2.000000 11 11 11 9
163 160 38 0.000000 2.000000 11 11 11 9
160 159 38 0.000000 2.000000 11 11 11 9
159 104 38 0.000000 2.000000 11 11 11 9
109 110 -1 0.000000 0.000000 0 27 0 20
110 117 -1 0.000000 0.000000 0 27 0 20
117 116 26 0.000000 2.000000 27 27 27 1
116 111 -1 0.000000 0.000000 0 27 0 20
111 112 -1 0.000000 0.000000 0 27 0 20
112 119 -1 0.000000 0.000000 0 27 0 20
119 118 -1 0.000000 0.000000 0 27 0 20
118 113 -1 0.000000 0.000000 0 27 0 20
113 114 25 0.300000 1.500000 27 27 27 11
114 120 -1 0.000000 0.000000 0 27 0 20
120 121 -1 0.000000 0.000000 0 27 0 20
121 109 -1 0.000000 0.000000 0 27 0 20
107 114 -1 0.000000 0.000000 0 28 0 20
114 113 24 0.300000 1.500000 28 28 28 1
113 108 -1 0.000000 0.000000 0 28 0 20
108 107 20 0.300000 1.500000 28 28 28 1
117 105 -1 0.000000 0.000000 0 29 0 20
105 115 23 0.000000 2.000000 29 29 29 1
115 116 -1 0.000000 0.000000 0 29 0 20
116 117 24 0.000000 2.000000 29 29 29 1
122 123 0 0.000000 2.000000 23 23 23 1
123 124 -1 0.000000 0.000000 0 23 0 20
124 125 32 0.000000 2.000000 23 23 23 1
125 122 -1 0.000000 0.000000 0 23 0 20
141 140 32 0.100000 2.000000 24 24 24 1
140 126 -1 0.000000 0.000000 0 24 0 20
126 127 29 0.200000 2.000000 24 24 24 9
127 128 29 0.200000 2.000000 24 24 24 9
128 142 -1 0.000000 0.000000 0 24 0 20
142 141 32 0.100000 2.000000 24 24 24 1
127 126 28 0.200000 2.000000 25 25 25 1
126 129 -1 0.000000 0.000000 0 25 0 20
129 130 30 0.300000 2.000000 25 25 25 9
130 131 30 0.300000 2.000000 25 25 25 9
131 128 -1 0.000000 0.000000 0 25 0 20
128 127 28 0.200000 2.000000 25 25 25 1
130 129 29 0.300000 2.000000 26 26 26 1
129 132 -1 0.000000 0.000000 0 26 0 20
132 133 31 0.400000 2.000000 26 26 26 9
133 134 31 0.400000 2.000000 26 26 26 9
134 131 -1 0.000000 0.000000 0 26 0 20
131 130 29 0.300000 2.000000 26 26 26 1
133 132 30 0.400000 2.000000 27 27 27 1
132 135 -1 0.000000 0.000000 0 27 0 20
135 136 33 0.500000 2.000000 27 27 27 9
136 137 33 0.500000 2.000000 27 27 27 9
137 134 -1 0.000000 0.000000 0 27 0 20
134 133 30 0.400000 2.000000 27 27 27 1
124 138 -1 0.000000 0.000000 0 28 0 20
138 139 -1 0.000000 0.000000 0 28 0 20
139 140 -1 0.000000 0.000000 0 28 0 20
140 141 28 0.100000 2.000000 28 28 28 9
141 142 28 0.100000 2.000000 28 28 28 9
142 143 -1 0.000000 0.000000 0 28 0 20
143 144 -1 0.000000 0.000000 0 28 0 20
144 125 -1 0.000000 0.000000 0 28 0 20
125 124 27 0.000000 2.000000 28 28 28 1
137 136 31 0.500000 2.000000 29 29 29 1
136 135 31 0.500000 2.000000 29 29 29 1
135 145 -1 0.000000 0.000000 0 29 0 20
145 146 -1 0.000000 0.000000 0 29 0 20
146 147 34 0.500000 2.000000 29 29 29 1
147 148 -1 0.000000 0.000000 0 29 0 20
148 137 -1 0.000000 0.000000 0 29 0 20
146 149 -1 0.000000 0.000000 0 30 0 20
149 150 35 0.500000 2.000000 30 30 30 1
150 147 -1 0.000000 0.000000 0 30 0 20
147 146 33 0.500000 2.000000 30 30 30 1
149 151 -1 0.000000 0.000000 0 31 0 20
151 152 36 0.300000 2.000000 31 31 31 1
152 150 -1 0.000000 0.000000 0 31 0 20
150 149 34 0.500000 2.000000 31 31 31 9
151 154 -1 0.000000 0.000000 0 10 0 20
154 155 37 0.100000 2.000000 10 10 10 1
155 152 -1 0.000000 0.000000 0 10 0 20
152 151 35 0.300000 2.000000 10 10 10 9
154 42 -1 0.000000 0.000000 0 11 0 20
42 153 9 0.000000 2.000000 11 11 11 1
153 155 -1 0.000000 0.000000 0 11 0 20
155 154 36 0.100000 2.000000 11 11 11 9
104 159 23 0.000000 2.000000 10 10 10 1
159 160 23 0.000000 2.000000 10 10 10 1
160 163 23 0.000000 2.000000 10 10 10 1
163 164 23 0.000000 2.000000 10 10 10 1
164 187 -1 0.000000 0.000000 0 10 0 20
187 167 -1 0.000000 0.000000 0 10 0 20
167 168 -1 0.000000 0.000000 0 10 0 20
168 169 -1 0.000000 0.000000 0 10 0 20
169 170 -1 0.000000 0.000000 0 10 0 20
170 171 -1 0.000000 0.000000 0 10 0 20
171 115 -1 0.000000 0.000000 0 10 0 20
115 104 23 0.000000 2.000000 10 10 10 1
172 173 -1 0.000000 0.000000 0 11 0 20
173 174 -1 0.000000 0.000000 0 11 0 20
174 175 -1 0.000000 0.000000 0 11 0 20
175 176 -1 0.000000 0.000000 0 11 0 20
176 177 -1 0.000000 0.000000 0 11 0 20
177 178 -1 0.000000 0.000000 0 11 0 20
178 186 -1 0.000000 0.000000 0 11 0 20
186 165 -1 0.000000 0.000000 0 11 0 20
165 162 23 0.000000 2.000000 11 11 11 1
162 161 23 0.000000 2.000000 11 11 11 1
161 166 23 0.000000 2.000000 11 11 11 1
166 158 23 0.000000 2.000000 11 11 11 1
158 106 23 0.000000 2.000000 11 11 11 1
106 105 23 0.000000 2.000000 11 11 11 1
105 172 -1 0.000000 0.000000 0 11 0 20
165 185 -1 0.000000 0.000000 0 12 0 20
185 179 -1 0.000000 0.000000 0 12 0 20
179 180 -1 0.000000 0.000000 0 12 0 20
180 181 -1 0.000000 0.000000 0 12 0 20
181 182 -1 0.000000 0.000000 0 12 0 20
182 183 -1 0.000000 0.000000 0 12 0 20
183 184 -1 0.000000 0.000000 0 12 0 20
184 188 -1 0.000000 0.000000 0 12 0 20
188 164 -1 0.000000 0.000000 0 12 0 20
164 165 23 0.000000 2.000000 12 12 12 1
189 190 9 0.300000 2.000000 29 29 29 1
190 191 -1 0.000000 0.000000 0 29 0 20
191 192 10 0.300000 2.000000 29 29 29 1
192 189 -1 0.000000 0.000000 0 29 0 20
189 189 -1 0.000000 0.000000 0 29 0 20
SECTORS 42
0 16 16 0.000000 2.000000 173 79
16 10 10 0.000000 2.000000 173 79
26 4 4 0.100000 2.000000 173 79
30 4 4 0.200000 2.000000 173 79
34 4 4 0.300000 1.600000 173 79
38 4 4 0.200000 1.500000 162 74
42 6 6 0.300000 1.900000 162 74
48 1 1 -0.000000 1.900000 162 74
49 8 8 0.300000 2.700000 173 79
57 17 17 0.000000 2.000000 173 79
74 12 12 0.000000 2.000000 173 79
86 4 4 0.000000 2.000000 173 79
90 4 4 0.200000 1.000000 169 73
94 4 4 0.000000 2.000000 173 79
98 4 4 0.000000 2.000000 173 79
102 4 4 0.000000 2.000000 173 79
106 4 4 0.000000 2.000000 173 79
110 4 4 0.000000 2.000000 173 79
114 11 11 0.000000 2.000000 173 79
125 9 9 0.000000 2.000000 173 79
134 23 23 0.000000 2.000000 173 79
157 4 4 0.000000 2.000000 173 79
161 4 4 0.000000 2.000000 173 79
165 13 13 -0.200000 2.000000 27 79
178 12 12 0.000000 2.000000 163 165
190 4 4 0.300000 1.500000 163 165
194 4 4 0.000000 2.000000 163 165
198 4 4 0.000000 2.000000 173 79
202 6 6 0.100000 2.000000 173 79
208 6 6 0.200000 2.000000 173 79
214 6 6 0.300000 2.000000 173 79
220 6 6 0.400000 2.000000 173 79
226 9 9 0.000000 2.000000 173 79
235 7 7 0.500000 2.000000 173 79
242 4 4 0.500000 2.000000 173 79
246 4 4 0.300000 2.000000 173 79
250 4 4 0.100000 2.000000 173 79
254 4 4 0.000000 2.000000 173 79
258 12 12 0.000000 2.000000 173 79
270 15 15 0.000000 2.000000 173 79
285 10 10 0.000000 2.000000 173 79
295 5 5 0.300000 2.000000 173 79
