MAPEDIT1
START 2.000000 -2.000000 0.000000 4
VERTS 44
-5.000000 -4.000000
-5.000000 1.000000
-2.000000 1.000000
-2.000000 -4.000000
-5.000000 -5.000000
-3.000000 -5.000000
1.000000 -4.000000
0.000000 2.000000
-8.000000 1.000000
-8.000000 -4.000000
0.000000 -3.000000
-1.000000 -2.000000
-2.000000 0.000000
-1.000000 -4.000000
0.000000 0.000000
-1.000000 -1.000000
-1.000000 1.000000
-2.000000 -3.000000
-5.000000 0.000000
-6.000000 -1.000000
-6.000000 -2.000000
-5.000000 -3.000000
-6.000000 1.000000
-7.000000 0.000000
-7.000000 -3.000000
-6.000000 -4.000000
-7.000000 -1.000000
-7.000000 -2.000000
0.000000 -2.000000
0.000000 -1.000000
0.000000 -5.000000
1.000000 1.000000
-7.000000 2.000000
3.000000 4.000000
3.000000 -4.000000
-3.000000 -7.000000
3.000000 -7.000000
-12.000000 4.000000
-7.000000 -5.000000
-12.000000 -7.000000
-5.000000 -7.000000
6.000000 0.000000
6.000000 -4.000000
3.000000 0.000000
WALLS 72
0 0 -1 0.000000 0.000000 10 10 10 20
0 21 -1 0.000000 0.000000 10 10 10 20
21 20 -1 0.000000 0.000000 10 10 10 20
20 19 2 0.200000 1.400000 10 10 10 11
19 18 -1 0.000000 0.000000 10 10 10 20
18 1 -1 0.000000 0.000000 10 10 10 20
1 2 1 0.100000 1.800000 10 10 10 1
2 12 -1 0.000000 0.000000 10 10 10 20
12 15 -1 0.000000 0.000000 10 10 10 20
15 11 3 0.200000 1.400000 10 10 10 11
11 17 -1 0.000000 0.000000 10 10 10 20
17 3 -1 0.000000 0.000000 10 10 10 20
3 0 1 0.100000 1.800000 10 10 10 1
0 3 0 0.100000 1.800000 10 10 10 11
3 13 -1 0.000000 0.000000 10 10 10 20
13 10 -1 0.000000 0.000000 10 10 10 20
10 28 -1 0.000000 0.000000 10 10 10 20
28 29 3 0.200000 1.400000 10 10 10 11
29 14 -1 0.000000 0.000000 10 10 10 20
14 16 -1 0.000000 0.000000 10 10 10 20
16 2 -1 0.000000 0.000000 10 10 10 20
2 1 0 0.100000 1.800000 10 10 10 11
1 22 -1 0.000000 0.000000 10 10 10 20
22 23 -1 0.000000 0.000000 10 10 10 20
23 26 -1 0.000000 0.000000 10 10 10 20
26 27 2 0.200000 1.400000 10 10 10 11
27 24 -1 0.000000 0.000000 10 10 10 20
24 25 -1 0.000000 0.000000 10 10 10 20
25 0 -1 0.000000 0.000000 10 10 10 20
4 38 4 0.100000 2.000000 10 10 10 9
38 9 4 0.100000 2.000000 10 10 10 9
9 8 4 0.100000 2.000000 10 10 10 9
8 32 4 0.100000 2.000000 10 10 10 9
32 7 4 0.100000 2.000000 10 10 10 9
7 31 4 0.100000 2.000000 10 10 10 9
31 31 -1 0.000000 0.000000 10 10 10 20
31 6 4 0.100000 2.000000 10 10 10 9
6 6 -1 0.000000 0.000000 10 10 10 20
6 6 -1 0.000000 0.000000 10 10 10 20
6 30 4 0.100000 2.000000 10 10 10 9
30 5 4 0.100000 2.000000 10 10 10 9
5 4 4 0.100000 2.000000 10 10 10 9
27 26 1 0.200000 1.400000 10 10 10 1
26 19 -1 0.000000 0.000000 10 10 10 20
19 20 0 0.200000 1.400000 10 10 10 1
20 27 -1 0.000000 0.000000 10 10 10 20
11 15 0 0.200000 1.400000 10 10 10 1
15 29 -1 0.000000 0.000000 10 10 10 20
29 28 1 0.200000 1.400000 10 10 10 1
28 11 -1 0.000000 0.000000 10 10 10 20
5 30 1 0.100000 2.000000 10 10 10 1
30 6 1 0.100000 2.000000 10 10 10 1
6 31 1 0.100000 2.000000 10 10 10 1
31 7 1 0.100000 2.000000 10 10 10 1
7 32 1 0.100000 2.000000 10 10 10 1
32 8 1 0.100000 2.000000 10 10 10 1
8 9 1 0.100000 2.000000 10 10 10 1
9 38 1 0.100000 2.000000 10 10 10 1
38 4 1 0.100000 2.000000 10 10 10 1
40 39 -1 0.000000 0.000000 10 10 18 20
39 37 -1 0.000000 0.000000 10 10 18 20
37 33 -1 0.000000 0.000000 10 10 18 20
33 43 -1 0.000000 0.000000 10 10 18 20
43 34 5 0.100000 2.000000 10 10 10 1
34 36 -1 0.000000 0.000000 10 10 18 20
36 35 -1 0.000000 0.000000 10 10 18 20
35 40 -1 0.000000 0.000000 10 10 18 20
4 5 1 0.100000 2.000000 10 10 10 1
43 41 -1 0.000000 0.000000 10 10 10 20
41 42 -1 0.000000 0.000000 10 10 10 20
42 34 -1 0.000000 0.000000 10 10 10 20
34 43 4 0.100000 2.000000 10 10 10 1
SECTORS 6
0 13 13 0.100000 1.800000 13 10
13 29 29 0.000000 2.000000 12 24
42 4 4 0.200000 1.400000 10 10
46 4 4 0.200000 1.400000 10 10
50 18 18 0.100000 2.000000 13 24
68 4 4 0.100000 2.000000 13 3
