MAPEDIT1
START -6.000000 3.000000 0.000000 1
VERTS 26
-6.000000 -4.000000
-5.000000 1.000000
-3.000000 1.000000
-3.000000 -4.000000
-8.000000 -9.000000
-3.000000 -9.000000
4.000000 -2.000000
5.000000 6.000000
-10.000000 6.000000
-11.000000 0.000000
-1.000000 -3.000000
-2.000000 -2.000000
-3.000000 0.000000
-2.000000 -4.000000
-1.000000 0.000000
-2.000000 -1.000000
-2.000000 1.000000
-3.000000 -3.000000
-5.000000 -4.000000
-5.000000 0.000000
-6.000000 -1.000000
-6.000000 -2.000000
-5.000000 -3.000000
-6.000000 1.000000
-7.000000 0.000000
-7.000000 -3.000000
WALLS 32
0 18 -1 0.000000 0.000000 10 10 10 20
18 22 -1 0.000000 0.000000 10 10 10 20
22 21 -1 0.000000 0.000000 10 10 10 20
21 20 -1 0.000000 0.000000 10 10 10 20
20 19 -1 0.000000 0.000000 10 10 10 20
19 1 -1 0.000000 0.000000 10 10 10 20
1 2 1 0.000000 2.000000 10 10 10 1
2 12 -1 0.000000 0.000000 10 10 10 20
12 15 -1 0.000000 0.000000 10 10 10 20
15 11 -1 0.000000 0.000000 10 10 10 20
11 17 -1 0.000000 0.000000 10 10 10 20
17 3 -1 0.000000 0.000000 10 10 10 20
3 0 1 0.000000 2.000000 10 10 10 1
4 0 1 0.000000 2.000000 10 10 10 1
0 3 0 0.000000 2.000000 10 10 10 1
3 13 -1 0.000000 0.000000 10 10 10 20
13 10 -1 0.000000 0.000000 10 10 10 20
10 14 -1 0.000000 0.000000 10 10 10 20
14 16 -1 0.000000 0.000000 10 10 10 20
16 2 -1 0.000000 0.000000 10 10 10 20
2 1 0 0.000000 2.000000 10 10 10 1
1 23 -1 0.000000 0.000000 10 10 10 20
23 24 -1 0.000000 0.000000 10 10 10 20
24 25 -1 0.000000 0.000000 10 10 10 20
25 0 -1 0.000000 0.000000 10 10 10 20
0 4 1 0.000000 2.000000 10 10 10 1
4 9 -1 0.000000 0.000000 10 10 10 20
9 8 -1 0.000000 0.000000 10 10 10 20
8 7 -1 0.000000 0.000000 10 10 10 20
7 6 -1 0.000000 0.000000 10 10 10 20
6 5 -1 0.000000 0.000000 10 10 10 20
5 4 -1 0.000000 0.000000 10 10 10 20
SECTORS 2
0 13 13 0.000000 2.000000 13 3
13 19 19 0.000000 2.000000 13 3
