MAPEDIT6
START -4.200000 5.100000 0.000000 0
VERTS 11
-14.000000 -4.200000
-3.700000 13.700000
17.000000 -6.800000
7.000000 -4.000000
10.000000 -4.000000
10.000000 -1.000000
7.000000 -1.000000
-6.000000 1.000000
-3.000000 1.000000
-3.000000 4.000000
-6.000000 4.000000
WALLS 19
0 1 -1 0.000000 0.000000 1 1 1 20 0 1.000000 1.000000
1 2 -1 0.000000 0.000000 1 1 1 20 0 1.000000 1.000000
2 0 -1 0.000000 0.000000 1 1 1 20 0 1.000000 1.000000
3 4 1 0.000000 2.000000 1 255 1 1 0 1.000000 1.000000
4 5 1 0.000000 2.000000 1 255 1 1 0 1.000000 1.000000
5 6 1 0.000000 2.000000 1 255 1 1 0 1.000000 1.000000
6 3 1 0.000000 2.000000 1 255 1 1 0 1.000000 1.000000
7 8 2 0.000000 2.000000 1 255 1 1 0 1.000000 1.000000
8 9 2 0.000000 2.000000 1 255 1 1 0 1.000000 1.000000
9 10 2 0.000000 2.000000 1 255 1 1 0 1.000000 1.000000
10 7 2 0.000000 2.000000 1 255 1 1 0 1.000000 1.000000
3 6 0 0.000000 2.000000 1 255 1 1 0 1.000000 1.000000
6 5 0 0.000000 2.000000 1 255 1 1 0 1.000000 1.000000
5 4 0 0.000000 2.000000 1 255 1 1 0 1.000000 1.000000
4 3 0 0.000000 2.000000 1 255 1 1 0 1.000000 1.000000
7 10 0 0.000000 2.000000 1 255 1 1 0 1.000000 1.000000
10 9 0 0.000000 2.000000 1 255 1 1 0 1.000000 1.000000
9 8 0 0.000000 2.000000 1 255 1 1 0 1.000000 1.000000
8 7 0 0.000000 2.000000 1 255 1 1 0 1.000000 1.000000
SECTORS 3
0 11 11 0.000000 2.000000 3 255 0 0 0 0 0.000000 0.000000 2.000000 2.000000 0.000000 0.000000 1.000000 1.000000 0.000000 1.000000 1.000000 0.000000 0
11 4 4 0.000000 2.000000 2 255 0 0 0 0 0.000000 0.000000 2.000000 2.000000 0.000000 0.000000 1.000000 1.000000 0.000000 1.000000 1.000000 0.000000 0
15 4 4 0.000000 2.000000 6 255 0 0 0 0 0.000000 0.000000 2.000000 2.000000 0.000000 0.000000 1.000000 1.000000 0.000000 1.000000 1.000000 0.000000 0
OBJECTS 2
8.500000 -2.500000 0.000000 1 2 1 9 1.650000 1 0 0 1.000000 1.000000
-4.500000 2.500000 0.000000 2 1 1 9 1.650000 1 0 0 1.000000 1.000000
OBJECTLABELS 2
Teleport A
Teleport B
