MAPEDIT1
START -6.000000 2.000000 0.000000 0
VERTS 13
-8.000000 -4.000000
-8.000000 4.000000
4.000000 4.000000
-4.000000 -4.000000
4.000000 0.000000
-4.000000 0.000000
-8.000000 8.000000
-8.000000 16.000000
-4.000000 16.000000
-4.000000 8.000000
4.000000 8.000000
4.000000 5.000000
-8.000000 5.000000
WALLS 17
0 1 -1 0.000000 0.000000 10 10 0 20
1 2 1 0.100002 1.100002 10 10 10 9
2 4 -1 0.000000 0.000000 0 10 0 20
4 5 -1 0.000000 0.000000 10 10 0 20
5 3 -1 0.000000 0.000000 0 10 0 20
3 0 -1 0.000000 0.000000 10 10 0 20
11 2 -1 0.000000 0.000000 0 10 0 20
2 1 0 0.100002 1.100002 11 11 11 1
1 12 -1 0.000000 0.000000 0 10 0 20
12 11 2 0.100002 1.100002 10 10 10 1
12 6 -1 0.000000 0.000000 0 10 0 20
6 7 -1 0.000000 0.000000 0 10 0 20
7 8 -1 0.000000 0.000000 0 10 0 20
8 9 -1 0.000000 0.000000 0 10 0 20
9 10 -1 0.000000 0.000000 0 10 0 20
10 11 -1 0.000000 0.000000 0 10 0 20
11 12 1 0.100002 1.100002 14 14 14 9
SECTORS 3
0 6 6 0.000002 1.100002 11 78
6 4 4 0.100002 1.100002 13 78
10 7 7 0.000002 1.100002 12 78
